Date	Year	Month	Day	"FLW-01 SW Discharge, mgd"	"Calculated Total Reuse, mgd"
1/1/2016	2016	1	1	9.7	10.65
1/2/2016	2016	1	2	7.1	12.77
1/3/2016	2016	1	3	8.77	9.98
1/4/2016	2016	1	4	11.06	8.35
1/5/2016	2016	1	5	8.27	11.56
1/6/2016	2016	1	6	6.4	12.73
1/7/2016	2016	1	7	6.57	12.23
1/8/2016	2016	1	8	8.8	10.11
1/9/2016	2016	1	9	12.12	9.64
1/10/2016	2016	1	10	11.81	8.8
1/11/2016	2016	1	11	14.07	7.41
1/12/2016	2016	1	12	9.16	12.22
1/13/2016	2016	1	13	10.48	10.11
1/14/2016	2016	1	14	8.69	10.93
1/15/2016	2016	1	15	14.69	8.95
1/16/2016	2016	1	16	10.53	10.1
1/17/2016	2016	1	17	17.65	8.17
1/18/2016	2016	1	18	14.08	9.18
1/19/2016	2016	1	19	11.93	11.41
1/20/2016	2016	1	20	10.66	11.42
1/21/2016	2016	1	21	12.52	8.87
1/22/2016	2016	1	22	16.08	7.73
1/23/2016	2016	1	23	14.74	8.74
1/24/2016	2016	1	24	11.28	12.65
1/25/2016	2016	1	25	20.52	7.16
1/26/2016	2016	1	26	7.82	14.5
1/27/2016	2016	1	27	15.05	8.77
1/28/2016	2016	1	28	25.06	7.6
1/29/2016	2016	1	29	21.22	8.76
1/30/2016	2016	1	30	22.55	7.96
1/31/2016	2016	1	31	16.25	14.23
2/1/2016	2016	2	1	20.9	6.85
2/2/2016	2016	2	2	16.14	10.34
2/3/2016	2016	2	3	16.32	9.51
2/4/2016	2016	2	4	16.26	9.97
2/5/2016	2016	2	5	22.55	7.35
2/6/2016	2016	2	6	22.05	8.11
2/7/2016	2016	2	7	16.83	8.91
2/8/2016	2016	2	8	19.37	7.86
2/9/2016	2016	2	9	14.55	11.3
2/10/2016	2016	2	10	18.39	8.95
2/11/2016	2016	2	11	13.12	11.7
2/12/2016	2016	2	12	15.8	8.61
2/13/2016	2016	2	13	13.54	10.79
2/14/2016	2016	2	14	12.72	11.12
2/15/2016	2016	2	15	14.19	9.82
2/16/2016	2016	2	16	15.87	10.01
2/17/2016	2016	2	17	10.83	12.26
2/18/2016	2016	2	18	13.98	9.86
2/19/2016	2016	2	19	13.58	10.02
2/20/2016	2016	2	20	11.33	10.56
2/21/2016	2016	2	21	8.8	10.84
2/22/2016	2016	2	22	10.79	8.51
2/23/2016	2016	2	23	11.24	10.07
2/24/2016	2016	2	24	13.37	9.98
2/25/2016	2016	2	25	14.29	8.65
2/26/2016	2016	2	26	14.93	8.23
2/27/2016	2016	2	27	13.64	9.17
2/28/2016	2016	2	28	10.87	10.07
2/29/2016	2016	2	29	12.46	8.47
3/1/2016	2016	3	1	11.31	9.61
3/2/2016	2016	3	2	9.08	12.03
3/3/2016	2016	3	3	9.46	12.47
3/4/2016	2016	3	4	11.16	9.79
3/5/2016	2016	3	5	11.23	9.54
3/6/2016	2016	3	6	9.36	11.59
3/7/2016	2016	3	7	11.79	8.87
3/8/2016	2016	3	8	11.16	9.54
3/9/2016	2016	3	9	6.55	14.23
3/10/2016	2016	3	10	7.83	12.98
3/11/2016	2016	3	11	11.77	8.98
3/12/2016	2016	3	12	12	10.25
3/13/2016	2016	3	13	7.42	12.73
3/14/2016	2016	3	14	11.11	10.04
3/15/2016	2016	3	15	11.59	9.19
3/16/2016	2016	3	16	7.75	12.94
3/17/2016	2016	3	17	7.95	12.66
3/18/2016	2016	3	18	8.39	12.05
3/19/2016	2016	3	19	13.22	9.38
3/20/2016	2016	3	20	10.58	10.48
3/21/2016	2016	3	21	10.43	10
3/22/2016	2016	3	22	11.49	8.96
3/23/2016	2016	3	23	9.41	10.61
3/24/2016	2016	3	24	7.9	11.96
3/25/2016	2016	3	25	10.6	10.63
3/26/2016	2016	3	26	12.33	9.54
3/27/2016	2016	3	27	13.21	9.66
3/28/2016	2016	3	28	10.4	10.78
3/29/2016	2016	3	29	11.1	10.23
3/30/2016	2016	3	30	12.56	9.07
3/31/2016	2016	3	31	12.16	9.29
4/1/2016	2016	4	1	12.36	9.1
4/2/2016	2016	4	2	11.94	10.45
4/3/2016	2016	4	3	11.82	10.61
4/4/2016	2016	4	4	13.13	10.23
4/5/2016	2016	4	5	11.34	10.29
4/6/2016	2016	4	6	12.84	9.97
4/7/2016	2016	4	7	10.59	10.75
4/8/2016	2016	4	8	10.73	10.44
4/9/2016	2016	4	9	11.28	9.36
4/10/2016	2016	4	10	10.69	10.74
4/11/2016	2016	4	11	9.48	12.15
4/12/2016	2016	4	12	7.98	12.07
4/13/2016	2016	4	13	7.39	12.7
4/14/2016	2016	4	14	7.28	13.48
4/15/2016	2016	4	15	7.68	12.75
4/16/2016	2016	4	16	7.12	12.53
4/17/2016	2016	4	17	5.99	14.41
4/18/2016	2016	4	18	6.21	14.01
4/19/2016	2016	4	19	6.07	13.02
4/20/2016	2016	4	20	6.64	12.65
4/21/2016	2016	4	21	4.71	14.35
4/22/2016	2016	4	22	3.47	15.74
4/23/2016	2016	4	23	2.84	16.53
4/24/2016	2016	4	24	3.76	16.22
4/25/2016	2016	4	25	4.88	15.54
4/26/2016	2016	4	26	4.92	15.15
4/27/2016	2016	4	27	3.14	16.99
4/28/2016	2016	4	28	3.88	14.89
4/29/2016	2016	4	29	3.07	15.71
4/30/2016	2016	4	30	4.28	14.88
5/1/2016	2016	5	1	2.98	16.15
5/2/2016	2016	5	2	3.07	15.18
5/3/2016	2016	5	3	5.49	15.53
5/4/2016	2016	5	4	8.13	13.75
5/5/2016	2016	5	5	13.5	11.11
5/6/2016	2016	5	6	11.58	11.7
5/7/2016	2016	5	7	7.76	13.2
5/8/2016	2016	5	8	6.41	14.06
5/9/2016	2016	5	9	8.57	12.57
5/10/2016	2016	5	10	7.92	14.89
5/11/2016	2016	5	11	4.63	16.01
5/12/2016	2016	5	12	2.73	16.26
5/13/2016	2016	5	13	6.35	14.32
5/14/2016	2016	5	14	3.85	16.07
5/15/2016	2016	5	15	2.15	16.92
5/16/2016	2016	5	16	2.45	16.06
5/17/2016	2016	5	17	5.71	14.76
5/18/2016	2016	5	18	4.65	14.41
5/19/2016	2016	5	19	7.9	12.88
5/20/2016	2016	5	20	5.9	12.9
5/21/2016	2016	5	21	6.22	12.58
5/22/2016	2016	5	22	5.7	14.07
5/23/2016	2016	5	23	5.56	13.51
5/24/2016	2016	5	24	4.59	16.11
5/25/2016	2016	5	25	2.91	15.96
5/26/2016	2016	5	26	2.62	15.16
5/27/2016	2016	5	27	1.96	16.15
5/28/2016	2016	5	28	1.91	16.03
5/29/2016	2016	5	29	0.58	16.7
5/30/2016	2016	5	30	0	17.25
5/31/2016	2016	5	31	0.92	16.85
6/1/2016	2016	6	1	1.88	14.76
6/2/2016	2016	6	2	2.11	14.33
6/3/2016	2016	6	3	2.89	15.16
6/4/2016	2016	6	4	3.81	14.29
6/5/2016	2016	6	5	8.87	11.49
6/6/2016	2016	6	6	24.46	9.44
6/7/2016	2016	6	7	50.63	9.53
6/8/2016	2016	6	8	34.17	9.26
6/9/2016	2016	6	9	26.96	10.92
6/10/2016	2016	6	10	24.85	10.32
6/11/2016	2016	6	11	20.4	11.6
6/12/2016	2016	6	12	21.34	10.05
6/13/2016	2016	6	13	19.13	9.6
6/14/2016	2016	6	14	15.67	12.6
6/15/2016	2016	6	15	15.22	12.96
6/16/2016	2016	6	16	14.4	12.97
6/17/2016	2016	6	17	12.3	14.25
6/18/2016	2016	6	18	12.19	14.27
6/19/2016	2016	6	19	14.37	12.32
6/20/2016	2016	6	20	12.92	12.74
6/21/2016	2016	6	21	11.15	13.6
6/22/2016	2016	6	22	9.38	14.53
6/23/2016	2016	6	23	8.84	14.63
6/24/2016	2016	6	24	11.01	13.7
6/25/2016	2016	6	25	10.04	15.97
6/26/2016	2016	6	26	14.01	13.24
6/27/2016	2016	6	27	14.44	11.24
6/28/2016	2016	6	28	14.49	12.83
6/29/2016	2016	6	29	7.67	16.42
6/30/2016	2016	6	30	4.91	17.28
7/1/2016	2016	7	1	3.43	19.55
7/2/2016	2016	7	2	7.29	16.83
7/3/2016	2016	7	3	6.29	16.75
7/4/2016	2016	7	4	4.95	17.73
7/5/2016	2016	7	5	6.27	17.32
7/6/2016	2016	7	6	3.52	17.93
7/7/2016	2016	7	7	6.07	16.13
7/8/2016	2016	7	8	4.76	17.05
7/9/2016	2016	7	9	0.95	18.4
7/10/2016	2016	7	10	4.51	15.68
7/11/2016	2016	7	11	5.37	16.13
7/12/2016	2016	7	12	4.87	16.62
7/13/2016	2016	7	13	6.4	16.78
7/14/2016	2016	7	14	9.69	16.22
7/15/2016	2016	7	15	7.15	16.55
7/16/2016	2016	7	16	6.14	16.43
7/17/2016	2016	7	17	4.23	17.16
7/18/2016	2016	7	18	9.14	16.78
7/19/2016	2016	7	19	3.91	19.22
7/20/2016	2016	7	20	5.35	18.47
7/21/2016	2016	7	21	6.95	17.59
7/22/2016	2016	7	22	5.12	17.82
7/23/2016	2016	7	23	11.36	14.93
7/24/2016	2016	7	24	12.15	14.43
7/25/2016	2016	7	25	11.84	16.59
7/26/2016	2016	7	26	8.63	18.29
7/27/2016	2016	7	27	9.26	19.14
7/28/2016	2016	7	28	6.78	19.35
7/29/2016	2016	7	29	9.44	17.43
7/30/2016	2016	7	30	10.63	16.49
7/31/2016	2016	7	31	9.78	16.27
8/1/2016	2016	8	1	12.44	12.99
8/2/2016	2016	8	2	7.81	16.53
8/3/2016	2016	8	3	6.88	16.73
8/4/2016	2016	8	4	15.84	13.91
8/5/2016	2016	8	5	18.07	12.23
8/6/2016	2016	8	6	15.75	12.46
8/7/2016	2016	8	7	17.97	12.41
8/8/2016	2016	8	8	33.54	8.65
8/9/2016	2016	8	9	33	12.12
8/10/2016	2016	8	10	29.16	13.34
8/11/2016	2016	8	11	25.82	10.61
8/12/2016	2016	8	12	22.5	11.67
8/13/2016	2016	8	13	18.82	12.84
8/14/2016	2016	8	14	17.35	12.74
8/15/2016	2016	8	15	17.84	10.11
8/16/2016	2016	8	16	13.6	13.12
8/17/2016	2016	8	17	13.75	13.4
8/18/2016	2016	8	18	13.19	12.38
8/19/2016	2016	8	19	13.06	11.78
8/20/2016	2016	8	20	12.32	12.64
8/21/2016	2016	8	21	11.28	13.04
8/22/2016	2016	8	22	10.99	12.37
8/23/2016	2016	8	23	8.71	14.62
8/24/2016	2016	8	24	9.61	14.13
8/25/2016	2016	8	25	8.8	13.2
8/26/2016	2016	8	26	7.98	14.93
8/27/2016	2016	8	27	17.61	13.2
8/28/2016	2016	8	28	18.13	10.25
8/29/2016	2016	8	29	18.25	10.35
8/30/2016	2016	8	30	17.87	11.31
8/31/2016	2016	8	31	50	9.19
9/1/2016	2016	9	1	60.7	10.75
9/2/2016	2016	9	2	65.71	6.53
9/3/2016	2016	9	3	57.71	7.15
9/4/2016	2016	9	4	43.1	7.43
9/5/2016	2016	9	5	36.73	7.45
9/6/2016	2016	9	6	34.09	9.03
9/7/2016	2016	9	7	27.39	10.21
9/8/2016	2016	9	8	26.66	10.14
9/9/2016	2016	9	9	22.38	12.3
9/10/2016	2016	9	10	18.73	12.17
9/11/2016	2016	9	11	16.83	12.41
9/12/2016	2016	9	12	19.3	10.37
9/13/2016	2016	9	13	17.02	12.75
9/14/2016	2016	9	14	18.37	12.53
9/15/2016	2016	9	15	17.49	13.52
9/16/2016	2016	9	16	12.75	15.59
9/17/2016	2016	9	17	16.35	13.71
9/18/2016	2016	9	18	15.14	13.75
9/19/2016	2016	9	19	15.52	13.85
9/20/2016	2016	9	20	15.83	12.22
9/21/2016	2016	9	21	15.56	12.4
9/22/2016	2016	9	22	14.61	12.33
9/23/2016	2016	9	23	15.35	11.02
9/24/2016	2016	9	24	13.96	11.33
9/25/2016	2016	9	25	13.23	12.07
9/26/2016	2016	9	26	16.7	9.59
9/27/2016	2016	9	27	14.91	12.3
9/28/2016	2016	9	28	13.74	11.95
9/29/2016	2016	9	29	14.37	11.25
9/30/2016	2016	9	30	15.16	10.27
10/1/2016	2016	10	1	14.27	10.41
10/2/2016	2016	10	2	13.49	10.94
10/3/2016	2016	10	3	17.64	9.27
10/4/2016	2016	10	4	20.42	9.78
10/5/2016	2016	10	5	17.07	10.77
10/6/2016	2016	10	6	16.28	10.29
10/7/2016	2016	10	7	15.94	9.98
10/8/2016	2016	10	8	12.78	11.61
10/9/2016	2016	10	9	14.31	9.94
10/10/2016	2016	10	10	14.37	9.4
10/11/2016	2016	10	11	11.98	11.65
10/12/2016	2016	10	12	11.88	11.62
10/13/2016	2016	10	13	10.85	12.38
10/14/2016	2016	10	14	10.83	12.24
10/15/2016	2016	10	15	11.12	12.05
10/16/2016	2016	10	16	10.71	12.01
10/17/2016	2016	10	17	10	12.73
10/18/2016	2016	10	18	8.47	13.97
10/19/2016	2016	10	19	9.5	12.67
10/20/2016	2016	10	20	8.62	13.38
10/21/2016	2016	10	21	8.52	12.71
10/22/2016	2016	10	22	8.06	13.05
10/23/2016	2016	10	23	9.28	11.85
10/24/2016	2016	10	24	10.46	11.07
10/25/2016	2016	10	25	7.9	13.71
10/26/2016	2016	10	26	8.93	12.76
10/27/2016	2016	10	27	9.1	12.23
10/28/2016	2016	10	28	6.18	14.14
10/29/2016	2016	10	29	5.94	13.91
10/30/2016	2016	10	30	6.37	13.62
10/31/2016	2016	10	31	7.88	12.04
11/1/2016	2016	11	1	6.43	13.72
11/2/2016	2016	11	2	4.79	14.73
11/3/2016	2016	11	3	5.01	17.08
11/4/2016	2016	11	4	3.09	18.34
11/5/2016	2016	11	5	0	19.38
11/6/2016	2016	11	6	0	19.83
11/7/2016	2016	11	7	0	20.91
11/8/2016	2016	11	8	0	19.77
11/9/2016	2016	11	9	0	19.27
11/10/2016	2016	11	10	0	19.64
11/11/2016	2016	11	11	0.46	18.81
11/12/2016	2016	11	12	3.36	17.45
11/13/2016	2016	11	13	4.95	15.45
11/14/2016	2016	11	14	4.12	17.1
11/15/2016	2016	11	15	3.03	17.62
11/16/2016	2016	11	16	3.07	16.7
11/17/2016	2016	11	17	1.52	19.27
11/18/2016	2016	11	18	0	19.24
11/19/2016	2016	11	19	0	19.79
11/20/2016	2016	11	20	3.01	16.82
11/21/2016	2016	11	21	4.17	17.16
11/22/2016	2016	11	22	0.58	19.72
11/23/2016	2016	11	23	0	19.38
11/24/2016	2016	11	24	1.14	17.62
11/25/2016	2016	11	25	2.72	18.33
11/26/2016	2016	11	26	2.21	17.8
11/27/2016	2016	11	27	2.88	17.22
11/28/2016	2016	11	28	4.28	17.15
11/29/2016	2016	11	29	2.76	18.16
11/30/2016	2016	11	30	0.65	18.85
12/1/2016	2016	12	1	0	18.64
12/2/2016	2016	12	2	0	18.42
12/3/2016	2016	12	3	0.73	18.22
12/4/2016	2016	12	4	11.12	11.84
12/5/2016	2016	12	5	2.72	17.35
12/6/2016	2016	12	6	1.57	17.85
12/7/2016	2016	12	7	3.82	15.41
12/8/2016	2016	12	8	4.34	14.68
12/9/2016	2016	12	9	4.02	15.53
12/10/2016	2016	12	10	2.99	16.09
12/11/2016	2016	12	11	2.44	16.9
12/12/2016	2016	12	12	3.73	15.81
12/13/2016	2016	12	13	3.23	16.34
12/14/2016	2016	12	14	1.97	17.43
12/15/2016	2016	12	15	2.08	16.98
12/16/2016	2016	12	16	2.23	17.53
12/17/2016	2016	12	17	3.55	15.64
12/18/2016	2016	12	18	4.84	14.43
12/19/2016	2016	12	19	4.16	15.95
12/20/2016	2016	12	20	2.31	17.31
12/21/2016	2016	12	21	2.08	17.04
12/22/2016	2016	12	22	1.99	17.12
12/23/2016	2016	12	23	2.34	17.22
12/24/2016	2016	12	24	3.88	14.16
12/25/2016	2016	12	25	5.59	13.23
12/26/2016	2016	12	26	4.38	16.3
12/27/2016	2016	12	27	1.87	18.14
12/28/2016	2016	12	28	2.93	16.74
12/29/2016	2016	12	29	4.58	15.27
12/30/2016	2016	12	30	3.23	16.65
12/31/2016	2016	12	31	3.73	15.58
1/1/2017	2017	1	1	5.39	15.02
1/2/2017	2017	1	2	4.27	15.77
1/3/2017	2017	1	3	3.57	16.51
1/4/2017	2017	1	4	4.02	15.66
1/5/2017	2017	1	5	4.57	14.77
1/6/2017	2017	1	6	6.67	13.83
1/7/2017	2017	1	7	5.88	13.37
1/8/2017	2017	1	8	6.34	12.32
1/9/2017	2017	1	9	6.2	14.16
1/10/2017	2017	1	10	3.2	16.08
1/11/2017	2017	1	11	3.08	17.03
1/12/2017	2017	1	12	3.22	16.62
1/13/2017	2017	1	13	3.35	16.8
1/14/2017	2017	1	14	2.98	17.3
1/15/2017	2017	1	15	2.54	17.45
1/16/2017	2017	1	16	2.75	17.02
1/17/2017	2017	1	17	3.23	16.79
1/18/2017	2017	1	18	2.21	17.31
1/19/2017	2017	1	19	3.03	16.66
1/20/2017	2017	1	20	3.3	16.23
1/21/2017	2017	1	21	2.7	18.33
1/22/2017	2017	1	22	4.88	15.44
1/23/2017	2017	1	23	10.66	10.42
1/24/2017	2017	1	24	6.66	13.96
1/25/2017	2017	1	25	4.71	15.39
1/26/2017	2017	1	26	2.99	17.03
1/27/2017	2017	1	27	3.8	15.22
1/28/2017	2017	1	28	3.37	15.98
1/29/2017	2017	1	29	5.16	14.72
1/30/2017	2017	1	30	6.47	13.39
1/31/2017	2017	1	31	4.8	14.86
2/1/2017	2017	2	1	3.55	16.15
2/2/2017	2017	2	2	3.89	15.72
2/3/2017	2017	2	3	3.2	16.99
2/4/2017	2017	2	4	3.19	16.43
2/5/2017	2017	2	5	4.7	15.05
2/6/2017	2017	2	6	6.95	12.59
2/7/2017	2017	2	7	4.2	16.69
2/8/2017	2017	2	8	5.4	17.11
2/9/2017	2017	2	9	9.02	12.68
2/10/2017	2017	2	10	5.23	15.23
2/11/2017	2017	2	11	3.03	17.23
2/12/2017	2017	2	12	6.73	13.86
2/13/2017	2017	2	13	7.02	13.88
2/14/2017	2017	2	14	5.39	17.6
2/15/2017	2017	2	15	6.88	16.43
2/16/2017	2017	2	16	6.41	15.41
2/17/2017	2017	2	17	3.82	16.51
2/18/2017	2017	2	18	3.27	17.1
2/19/2017	2017	2	19	5.23	15.51
2/20/2017	2017	2	20	8.43	11.56
2/21/2017	2017	2	21	5.96	14.88
2/22/2017	2017	2	22	5.24	15.34
2/23/2017	2017	2	23	8.31	11.66
2/24/2017	2017	2	24	4.72	15.45
2/25/2017	2017	2	25	3.87	16.29
2/26/2017	2017	2	26	6.49	13.99
2/27/2017	2017	2	27	7.07	15.12
2/28/2017	2017	2	28	8.46	16.02
3/1/2017	2017	3	1	3.55	16.87
3/2/2017	2017	3	2	2.06	17.9
3/3/2017	2017	3	3	2.16	17.4
3/4/2017	2017	3	4	2.76	17.14
3/5/2017	2017	3	5	4.79	15.28
3/6/2017	2017	3	6	4.87	14.77
3/7/2017	2017	3	7	4.82	17.4
3/8/2017	2017	3	8	3.4	16.98
3/9/2017	2017	3	9	2.32	16.88
3/10/2017	2017	3	10	2.23	17.65
3/11/2017	2017	3	11	1.97	18.12
3/12/2017	2017	3	12	0.63	18.98
3/13/2017	2017	3	13	3.26	18.04
3/14/2017	2017	3	14	7.37	14.63
3/15/2017	2017	3	15	4.92	15.66
3/16/2017	2017	3	16	6.62	15.19
3/17/2017	2017	3	17	4.91	16.12
3/18/2017	2017	3	18	2.96	17.42
3/19/2017	2017	3	19	6.43	14.46
3/20/2017	2017	3	20	4.33	17.96
3/21/2017	2017	3	21	3.87	17.26
3/22/2017	2017	3	22	1.62	18.76
3/23/2017	2017	3	23	0	20.05
3/24/2017	2017	3	24	5.35	16.84
3/25/2017	2017	3	25	3.06	16.82
3/26/2017	2017	3	26	1.35	18.6
3/27/2017	2017	3	27	2.36	17.95
3/28/2017	2017	3	28	2.13	18.67
3/29/2017	2017	3	29	1.45	18.44
3/30/2017	2017	3	30	1.68	18.42
3/31/2017	2017	3	31	1.79	18.11
4/1/2017	2017	4	1	1.78	17.88
4/2/2017	2017	4	2	2.2	17.91
4/3/2017	2017	4	3	2.98	17.92
4/4/2017	2017	4	4	2.53	19.08
4/5/2017	2017	4	5	1.69	20.27
4/6/2017	2017	4	6	1.9	18.73
4/7/2017	2017	4	7	5.79	16.41
4/8/2017	2017	4	8	2.96	17.09
4/9/2017	2017	4	9	2.4	17.65
4/10/2017	2017	4	10	5.36	18.36
4/11/2017	2017	4	11	1.68	19.06
4/12/2017	2017	4	12	0	19.95
4/13/2017	2017	4	13	0	19.88
4/14/2017	2017	4	14	0	19.91
4/15/2017	2017	4	15	0	19.54
4/16/2017	2017	4	16	0	19.44
4/17/2017	2017	4	17	0	19.43
4/18/2017	2017	4	18	0	19.26
4/19/2017	2017	4	19	0	19.8
4/20/2017	2017	4	20	0	19.45
4/21/2017	2017	4	21	0	19.36
4/22/2017	2017	4	22	0	19.2
4/23/2017	2017	4	23	0	19.21
4/24/2017	2017	4	24	0	19.2
4/25/2017	2017	4	25	0	19.21
4/26/2017	2017	4	26	0	19.12
4/27/2017	2017	4	27	0	18.99
4/28/2017	2017	4	28	0	19.03
4/29/2017	2017	4	29	0	19.38
4/30/2017	2017	4	30	0	19.45
5/1/2017	2017	5	1	0	19.44
5/2/2017	2017	5	2	0	19.36
5/3/2017	2017	5	3	0	20.93
5/4/2017	2017	5	4	0	18.34
5/5/2017	2017	5	5	0	18.23
5/6/2017	2017	5	6	0	18.32
5/7/2017	2017	5	7	0	18.71
5/8/2017	2017	5	8	0	18.46
5/9/2017	2017	5	9	0	18.53
5/10/2017	2017	5	10	0	18.96
5/11/2017	2017	5	11	0	18.75
5/12/2017	2017	5	12	0	18.74
5/13/2017	2017	5	13	0	18.43
5/14/2017	2017	5	14	0	18.91
5/15/2017	2017	5	15	0	18.7
5/16/2017	2017	5	16	0	19.38
5/17/2017	2017	5	17	0	19.73
5/18/2017	2017	5	18	0	19.58
5/19/2017	2017	5	19	0	19.71
5/20/2017	2017	5	20	1.01	18.98
5/21/2017	2017	5	21	3.8	16.28
5/22/2017	2017	5	22	3.22	16.48
5/23/2017	2017	5	23	2.62	17.75
5/24/2017	2017	5	24	1.04	19.46
5/25/2017	2017	5	25	2.52	17.76
5/26/2017	2017	5	26	2.68	18.13
5/27/2017	2017	5	27	1.55	18.37
5/28/2017	2017	5	28	1.44	17.77
5/29/2017	2017	5	29	1.38	18.19
5/30/2017	2017	5	30	0.77	18.67
5/31/2017	2017	5	31	0	19.52
6/1/2017	2017	6	1	0	19.17
6/2/2017	2017	6	2	0	19.21
6/3/2017	2017	6	3	0	18.31
6/4/2017	2017	6	4	6.21	15.84
6/5/2017	2017	6	5	13.44	10.72
6/6/2017	2017	6	6	9.84	13.94
6/7/2017	2017	6	7	10.72	14.75
6/8/2017	2017	6	8	8.25	18.2
6/9/2017	2017	6	9	12.19	13.11
6/10/2017	2017	6	10	8.48	14.69
6/11/2017	2017	6	11	7.15	15.4
6/12/2017	2017	6	12	10.83	12.23
6/13/2017	2017	6	13	12.08	14.2
6/14/2017	2017	6	14	15.58	12.27
6/15/2017	2017	6	15	11.33	14.32
6/16/2017	2017	6	16	13.7	13
6/17/2017	2017	6	17	12.48	12.86
6/18/2017	2017	6	18	10.38	12.86
6/19/2017	2017	6	19	11.44	12.79
6/20/2017	2017	6	20	13.46	11.75
6/21/2017	2017	6	21	12.01	13.22
6/22/2017	2017	6	22	11.29	13.32
6/23/2017	2017	6	23	10.77	13.05
6/24/2017	2017	6	24	10.6	13.14
6/25/2017	2017	6	25	9.67	13
6/26/2017	2017	6	26	12.83	11.33
6/27/2017	2017	6	27	6.04	17.86
6/28/2017	2017	6	28	7.17	16.16
6/29/2017	2017	6	29	8.7	14.72
6/30/2017	2017	6	30	6.84	15.29
7/1/2017	2017	7	1	4.7	17.21
7/2/2017	2017	7	2	5.42	16.67
7/3/2017	2017	7	3	12.67	11.94
7/4/2017	2017	7	4	6.65	16.81
7/5/2017	2017	7	5	7.85	15.65
7/6/2017	2017	7	6	8.8	14.25
7/7/2017	2017	7	7	5.5	17
7/8/2017	2017	7	8	5.05	17.79
7/9/2017	2017	7	9	5.67	16.37
7/10/2017	2017	7	10	9.05	13.36
7/11/2017	2017	7	11	7.08	15.21
7/12/2017	2017	7	12	5.74	16.85
7/13/2017	2017	7	13	8.13	15.3
7/14/2017	2017	7	14	8.87	14.79
7/15/2017	2017	7	15	5.16	17.59
7/16/2017	2017	7	16	5.11	16.86
7/17/2017	2017	7	17	11.42	12.39
7/18/2017	2017	7	18	13.99	14.18
7/19/2017	2017	7	19	8.77	17.22
7/20/2017	2017	7	20	10.74	14.25
7/21/2017	2017	7	21	11.07	13.44
7/22/2017	2017	7	22	9.23	15.77
7/23/2017	2017	7	23	15.68	12.37
7/24/2017	2017	7	24	15.53	11.12
7/25/2017	2017	7	25	8.12	17.03
7/26/2017	2017	7	26	10.71	15.26
7/27/2017	2017	7	27	5.78	17.75
7/28/2017	2017	7	28	4.92	18.02
7/29/2017	2017	7	29	5.09	17.42
7/30/2017	2017	7	30	11.69	12.26
7/31/2017	2017	7	31	22.21	11.5
8/1/2017	2017	8	1	17.16	15.73
8/2/2017	2017	8	2	20.28	12.17
8/3/2017	2017	8	3	19.79	12.74
8/4/2017	2017	8	4	16.58	11.92
8/5/2017	2017	8	5	14.44	12.58
8/6/2017	2017	8	6	9.66	16.18
8/7/2017	2017	8	7	14.9	11.27
8/8/2017	2017	8	8	8.04	15.25
8/9/2017	2017	8	9	7.83	18.59
8/10/2017	2017	8	10	10.99	14.44
8/11/2017	2017	8	11	6.6	17.6
8/12/2017	2017	8	12	10.05	15.52
8/13/2017	2017	8	13	10.23	15.33
8/14/2017	2017	8	14	12.36	12.14
8/15/2017	2017	8	15	5.72	17.44
8/16/2017	2017	8	16	4.8	18.17
8/17/2017	2017	8	17	5.63	18.31
8/18/2017	2017	8	18	8.65	14.33
8/19/2017	2017	8	19	11.16	14.87
8/20/2017	2017	8	20	9	15.67
8/21/2017	2017	8	21	0.59	22.6
8/22/2017	2017	8	22	6.9	17.21
8/23/2017	2017	8	23	4.69	18.17
8/24/2017	2017	8	24	4.91	20.35
8/25/2017	2017	8	25	11.12	13.63
8/26/2017	2017	8	26	7.01	16.92
8/27/2017	2017	8	27	12.39	12.97
8/28/2017	2017	8	28	19.86	10.76
8/29/2017	2017	8	29	21.52	14.43
8/30/2017	2017	8	30	20.23	13.49
8/31/2017	2017	8	31	15.85	13.29
9/1/2017	2017	9	1	18.04	15.65
9/2/2017	2017	9	2	15.88	13.23
9/3/2017	2017	9	3	19.64	16.84
9/4/2017	2017	9	4	21.06	11.3
9/5/2017	2017	9	5	19.8	13.59
9/6/2017	2017	9	6	16.69	14.04
9/7/2017	2017	9	7	15.22	13.23
9/8/2017	2017	9	8	16.83	10.83
9/9/2017	2017	9	9	15.86	11.39
9/10/2017	2017	9	10	16.66	10.5
9/11/2017	2017	9	11	17.59	7.71
9/12/2017	2017	9	12	21.72	15.33
9/13/2017	2017	9	13	27.39	8.09
9/14/2017	2017	9	14	26.62	8.06
9/15/2017	2017	9	15	25.48	8.82
9/16/2017	2017	9	16	22.93	9.95
9/17/2017	2017	9	17	20.71	11.52
9/18/2017	2017	9	18	16.38	15.93
9/19/2017	2017	9	19	16.09	14.71
9/20/2017	2017	9	20	15.01	17.72
9/21/2017	2017	9	21	11.82	15.12
9/22/2017	2017	9	22	11.16	14.67
9/23/2017	2017	9	23	10.97	14.29
9/24/2017	2017	9	24	11.6	15.09
9/25/2017	2017	9	25	11.28	13.3
9/26/2017	2017	9	26	10.96	14.82
9/27/2017	2017	9	27	11.01	16.02
9/28/2017	2017	9	28	8.83	22.7
9/29/2017	2017	9	29	7.36	19.35
9/30/2017	2017	9	30	8.3	17.37
10/1/2017	2017	10	1	15.42	15.94
10/2/2017	2017	10	2	17.85	11.49
10/3/2017	2017	10	3	11.68	15.97
10/4/2017	2017	10	4	8.37	18.58
10/5/2017	2017	10	5	12.26	13.43
10/6/2017	2017	10	6	10.12	14.94
10/7/2017	2017	10	7	9.67	17.16
10/8/2017	2017	10	8	11.58	15.52
10/9/2017	2017	10	9	10.2	15.88
10/10/2017	2017	10	10	9.28	15.97
10/11/2017	2017	10	11	5.77	19.25
10/12/2017	2017	10	12	5.89	18.59
10/13/2017	2017	10	13	8.14	16.05
10/14/2017	2017	10	14	7.45	16.86
10/15/2017	2017	10	15	6.41	18.3
10/16/2017	2017	10	16	9.43	14.51
10/17/2017	2017	10	17	8.28	15.77
10/18/2017	2017	10	18	6.93	16.8
10/19/2017	2017	10	19	6.73	16.71
10/20/2017	2017	10	20	7.77	15.03
10/21/2017	2017	10	21	4.89	17.44
10/22/2017	2017	10	22	6.17	16.54
10/23/2017	2017	10	23	17.34	12.9
10/24/2017	2017	10	24	19.22	16.8
10/25/2017	2017	10	25	17.67	13.61
10/26/2017	2017	10	26	12.4	16.43
10/27/2017	2017	10	27	13.36	13.5
10/28/2017	2017	10	28	11.26	15.52
10/29/2017	2017	10	29	11.58	15.76
10/30/2017	2017	10	30	14.05	12.95
10/31/2017	2017	10	31	9.25	15.08
11/1/2017	2017	11	1	8.42	15.2
11/2/2017	2017	11	2	7.59	15.01
11/3/2017	2017	11	3	6.97	14.34
11/4/2017	2017	11	4	6.24	16.59
11/5/2017	2017	11	5	6.57	15.86
11/6/2017	2017	11	6	10.2	12.96
11/7/2017	2017	11	7	10.55	16.02
11/8/2017	2017	11	8	5.04	16.82
11/9/2017	2017	11	9	3.41	18.11
11/10/2017	2017	11	10	5.45	15.69
11/11/2017	2017	11	11	6.11	15.96
11/12/2017	2017	11	12	5.23	16.91
11/13/2017	2017	11	13	7.07	14.41
11/14/2017	2017	11	14	8.8	14.63
11/15/2017	2017	11	15	7.93	16.46
11/16/2017	2017	11	16	4.22	18.62
11/17/2017	2017	11	17	3.72	18.54
11/18/2017	2017	11	18	5.53	16.38
11/19/2017	2017	11	19	6.15	15.87
11/20/2017	2017	11	20	8.45	13.85
11/21/2017	2017	11	21	7.65	14.52
11/22/2017	2017	11	22	5.03	18.05
11/23/2017	2017	11	23	6.92	16.39
11/24/2017	2017	11	24	8.54	13.34
11/25/2017	2017	11	25	7.75	14.7
11/26/2017	2017	11	26	6.79	15.07
11/27/2017	2017	11	27	7.21	14.06
11/28/2017	2017	11	28	7.12	14.92
11/29/2017	2017	11	29	6.63	16.55
11/30/2017	2017	11	30	6.1	16.9
12/1/2017	2017	12	1	5.2	15.84
12/2/2017	2017	12	2	3.29	17.89
12/3/2017	2017	12	3	4.58	16.96
12/4/2017	2017	12	4	6.6	14.66
12/5/2017	2017	12	5	5.83	15.14
12/6/2017	2017	12	6	5.76	15.77
12/7/2017	2017	12	7	6.97	14.03
12/8/2017	2017	12	8	7.06	15.66
12/9/2017	2017	12	9	10.32	12.47
12/10/2017	2017	12	10	10.27	12.27
12/11/2017	2017	12	11	12.21	20.93
12/12/2017	2017	12	12	10.73	12.98
12/13/2017	2017	12	13	1.87	19.77
12/14/2017	2017	12	14	3.15	18.05
12/15/2017	2017	12	15	8.38	13.01
12/16/2017	2017	12	16	5.51	15.91
12/17/2017	2017	12	17	5.82	15.55
12/18/2017	2017	12	18	8.53	12.61
12/19/2017	2017	12	19	7.79	14.05
12/20/2017	2017	12	20	3.5	17.32
12/21/2017	2017	12	21	11.39	12.97
12/22/2017	2017	12	22	8.23	12.79
12/23/2017	2017	12	23	2.28	18.76
12/24/2017	2017	12	24	6.64	14.36
12/25/2017	2017	12	25	10.45	10.31
12/26/2017	2017	12	26	7.78	13.36
12/27/2017	2017	12	27	6.18	14.9
12/28/2017	2017	12	28	8.45	12.66
12/29/2017	2017	12	29	8.25	12.6
12/30/2017	2017	12	30	8.2	12.59
12/31/2017	2017	12	31	6.61	13.94
1/1/2018	2018	1	1	12.1	8.05
1/2/2018	2018	1	2	7.11	14.13
1/3/2018	2018	1	3	9.31	12.92
1/4/2018	2018	1	4	11.29	9.75
1/5/2018	2018	1	5	9.42	11.77
1/6/2018	2018	1	6	9.32	11.67
1/7/2018	2018	1	7	7.29	13.59
1/8/2018	2018	1	8	10.73	12.64
1/9/2018	2018	1	9	10.02	12.79
1/10/2018	2018	1	10	11.88	10.88
1/11/2018	2018	1	11	10.44	12.13
1/12/2018	2018	1	12	10.74	11.84
1/13/2018	2018	1	13	7.6	14.52
1/14/2018	2018	1	14	10.22	12.11
1/15/2018	2018	1	15	11.51	10.01
1/16/2018	2018	1	16	8.11	13.27
1/17/2018	2018	1	17	7.79	12.89
1/18/2018	2018	1	18	8.77	12.47
1/19/2018	2018	1	19	10.41	10.64
1/20/2018	2018	1	20	7.25	14.97
1/21/2018	2018	1	21	6.73	14.86
1/22/2018	2018	1	22	11.82	9.6
1/23/2018	2018	1	23	7.73	13.53
1/24/2018	2018	1	24	8.72	13.1
1/25/2018	2018	1	25	11.75	9.03
1/26/2018	2018	1	26	7.7	13.69
1/27/2018	2018	1	27	7.69	16.55
1/28/2018	2018	1	28	15.36	13.36
1/29/2018	2018	1	29	19.02	8.15
1/30/2018	2018	1	30	14.34	11.98
1/31/2018	2018	1	31	13.71	10.33
2/1/2018	2018	2	1	13.51	10.85
2/2/2018	2018	2	2	13.38	11.31
2/3/2018	2018	2	3	9.99	15.7
2/4/2018	2018	2	4	16.57	12.4
2/5/2018	2018	2	5	13.73	12
2/6/2018	2018	2	6	16.17	9.28
2/7/2018	2018	2	7	13.37	15.89
2/8/2018	2018	2	8	14.43	10.34
2/9/2018	2018	2	9	12.88	12.44
2/10/2018	2018	2	10	9.38	15.17
2/11/2018	2018	2	11	11.61	10.68
2/12/2018	2018	2	12	13.21	11.07
2/13/2018	2018	2	13	12.27	11.8
2/14/2018	2018	2	14	8.56	15.41
2/15/2018	2018	2	15	7.18	16.59
2/16/2018	2018	2	16	11.58	12.16
2/17/2018	2018	2	17	9.66	13.85
2/18/2018	2018	2	18	6.92	16.85
2/19/2018	2018	2	19	10.88	12.85
2/20/2018	2018	2	20	8.05	18.72
2/21/2018	2018	2	21	7.13	12.51
2/22/2018	2018	2	22	8.38	15.66
2/23/2018	2018	2	23	8.14	16.12
2/24/2018	2018	2	24	6.84	15.25
2/25/2018	2018	2	25	7.16	15.89
2/26/2018	2018	2	26	11.28	11.78
2/27/2018	2018	2	27	7.78	14.91
2/28/2018	2018	2	28	5.55	16.58
3/1/2018	2018	3	1	5.21	15.96
3/2/2018	2018	3	2	8.24	12.84
3/3/2018	2018	3	3	6.57	14.67
3/4/2018	2018	3	4	5.51	15.82
3/5/2018	2018	3	5	7.2	14.33
3/6/2018	2018	3	6	6.21	14.59
3/7/2018	2018	3	7	5.89	14.91
3/8/2018	2018	3	8	2.96	16.85
3/9/2018	2018	3	9	4.06	16.76
3/10/2018	2018	3	10	5.12	16.11
3/11/2018	2018	3	11	5.39	15.59
3/12/2018	2018	3	12	12.08	8.72
3/13/2018	2018	3	13	10.85	11.9
3/14/2018	2018	3	14	3.38	16.72
3/15/2018	2018	3	15	7.76	12.67
3/16/2018	2018	3	16	5.37	15.07
3/17/2018	2018	3	17	5.03	15.85
3/18/2018	2018	3	18	4.49	16.21
3/19/2018	2018	3	19	7.65	13.17
3/20/2018	2018	3	20	6.47	14.08
3/21/2018	2018	3	21	6.41	13.9
3/22/2018	2018	3	22	5.78	13.95
3/23/2018	2018	3	23	4.81	15.62
3/24/2018	2018	3	24	4.1	16.17
3/25/2018	2018	3	25	4.15	15.95
3/26/2018	2018	3	26	4.52	15.9
3/27/2018	2018	3	27	2.56	17.02
3/28/2018	2018	3	28	0.98	18.58
3/29/2018	2018	3	29	3.91	16.13
3/30/2018	2018	3	30	3.57	16.17
3/31/2018	2018	3	31	2.41	17.84
4/1/2018	2018	4	1	2.41	17.72
4/2/2018	2018	4	2	5.54	14.25
4/3/2018	2018	4	3	5.28	17.51
4/4/2018	2018	4	4	0.81	19.29
4/5/2018	2018	4	5	0	19.98
4/6/2018	2018	4	6	2.16	17.92
4/7/2018	2018	4	7	3.91	16.08
4/8/2018	2018	4	8	4.46	15.25
4/9/2018	2018	4	9	5.18	14.8
4/10/2018	2018	4	10	4.33	16.42
4/11/2018	2018	4	11	6.61	13.3
4/12/2018	2018	4	12	5.62	14.47
4/13/2018	2018	4	13	5.11	14.2
4/14/2018	2018	4	14	2.69	17.71
4/15/2018	2018	4	15	8.03	12.9
4/16/2018	2018	4	16	9.26	12.17
4/17/2018	2018	4	17	6.32	14.25
4/18/2018	2018	4	18	5.79	15.16
4/19/2018	2018	4	19	3.82	16.07
4/20/2018	2018	4	20	2.94	17.04
4/21/2018	2018	4	21	3.52	15.9
4/22/2018	2018	4	22	4.43	15.76
4/23/2018	2018	4	23	6.63	13.09
4/24/2018	2018	4	24	3.91	15.88
4/25/2018	2018	4	25	2	17.21
4/26/2018	2018	4	26	1.07	18.13
4/27/2018	2018	4	27	0.04	18.87
4/28/2018	2018	4	28	0	18.78
4/29/2018	2018	4	29	2.22	16.18
4/30/2018	2018	4	30	3.9	15.18
5/1/2018	2018	5	1	2.41	19.35
5/2/2018	2018	5	2	1.22	18.46
5/3/2018	2018	5	3	0	18.28
5/4/2018	2018	5	4	0	18.37
5/5/2018	2018	5	5	0	18.23
5/6/2018	2018	5	6	0	18.15
5/7/2018	2018	5	7	0	18.44
5/8/2018	2018	5	8	0	18.28
5/9/2018	2018	5	9	0	17.9
5/10/2018	2018	5	10	0	18.41
5/11/2018	2018	5	11	0.27	17.46
5/12/2018	2018	5	12	0.37	17.24
5/13/2018	2018	5	13	1.98	16.24
5/14/2018	2018	5	14	8.53	11.53
5/15/2018	2018	5	15	8.19	12
5/16/2018	2018	5	16	4.24	15.67
5/17/2018	2018	5	17	5.44	14.49
5/18/2018	2018	5	18	4.21	14.99
5/19/2018	2018	5	19	5.46	14.47
5/20/2018	2018	5	20	7.16	13.68
5/21/2018	2018	5	21	12.55	10.41
5/22/2018	2018	5	22	12.93	12.88
5/23/2018	2018	5	23	12.57	12.08
5/24/2018	2018	5	24	11.08	12.71
5/25/2018	2018	5	25	12.79	11.23
5/26/2018	2018	5	26	19.5	8.98
5/27/2018	2018	5	27	16.13	9.8
5/28/2018	2018	5	28	10.66	15.19
5/29/2018	2018	5	29	18.11	8.84
5/30/2018	2018	5	30	16.12	12.21
5/31/2018	2018	5	31	19.22	8.23
6/1/2018	2018	6	1	14.23	11.1
6/2/2018	2018	6	2	13.1	11.19
6/3/2018	2018	6	3	9.63	13.7
6/4/2018	2018	6	4	12.22	10.41
6/5/2018	2018	6	5	9	12.88
6/6/2018	2018	6	6	5.27	16.58
6/7/2018	2018	6	7	8.17	13.3
6/8/2018	2018	6	8	7.56	13.48
6/9/2018	2018	6	9	5.25	15.6
6/10/2018	2018	6	10	5.65	15.1
6/11/2018	2018	6	11	5.84	14.57
6/12/2018	2018	6	12	4.69	15.51
6/13/2018	2018	6	13	4.81	15.61
6/14/2018	2018	6	14	4.64	15.53
6/15/2018	2018	6	15	4.57	15.52
6/16/2018	2018	6	16	4.58	15.25
6/17/2018	2018	6	17	3.98	15.29
6/18/2018	2018	6	18	2.44	17.27
6/19/2018	2018	6	19	2.42	17.81
6/20/2018	2018	6	20	2.12	18.51
6/21/2018	2018	6	21	2.12	18.58
6/22/2018	2018	6	22	1.12	19.13
6/23/2018	2018	6	23	0.99	18.45
6/24/2018	2018	6	24	1.66	17.86
6/25/2018	2018	6	25	8.22	12.59
6/26/2018	2018	6	26	8.02	13.84
6/27/2018	2018	6	27	5.83	15.52
6/28/2018	2018	6	28	5.82	14.85
6/29/2018	2018	6	29	9.81	12.11
6/30/2018	2018	6	30	8.34	16.34
7/1/2018	2018	7	1	13.81	11.46
7/2/2018	2018	7	2	7.1	16.43
7/3/2018	2018	7	3	7.7	14.88
7/4/2018	2018	7	4	9.5	13.13
7/5/2018	2018	7	5	10.6	12.24
7/6/2018	2018	7	6	8.75	13.73
7/7/2018	2018	7	7	7.34	14.48
7/8/2018	2018	7	8	6.15	15.57
7/9/2018	2018	7	9	6.33	14.51
7/10/2018	2018	7	10	4.87	15.65
7/11/2018	2018	7	11	3.7	16.87
7/12/2018	2018	7	12	5.49	14.9
7/13/2018	2018	7	13	5.26	14.74
7/14/2018	2018	7	14	5.27	14.9
7/15/2018	2018	7	15	5.55	15.68
7/16/2018	2018	7	16	8.48	12.75
7/17/2018	2018	7	17	4.72	15.76
7/18/2018	2018	7	18	4.74	16.42
7/19/2018	2018	7	19	7.88	13.15
7/20/2018	2018	7	20	8.55	13.07
7/21/2018	2018	7	21	10.61	13.16
7/22/2018	2018	7	22	8.18	14.31
7/23/2018	2018	7	23	16.97	9.26
7/24/2018	2018	7	24	11.84	12.39
7/25/2018	2018	7	25	11.75	11.34
7/26/2018	2018	7	26	13.92	11.58
7/27/2018	2018	7	27	11.08	12.6
7/28/2018	2018	7	28	8.98	13.85
7/29/2018	2018	7	29	8.73	13.75
7/30/2018	2018	7	30	11.42	11.63
7/31/2018	2018	7	31	12.11	11.53
8/1/2018	2018	8	1	12.86	12.43
8/2/2018	2018	8	2	14.69	10.7
8/3/2018	2018	8	3	14.53	10.14
8/4/2018	2018	8	4	14.48	10.7
8/5/2018	2018	8	5	11.62	13.37
8/6/2018	2018	8	6	16.26	9.46
8/7/2018	2018	8	7	11.52	12.83
8/8/2018	2018	8	8	11.91	12.49
8/9/2018	2018	8	9	10.35	13
8/10/2018	2018	8	10	6.68	16.12
8/11/2018	2018	8	11	15.78	12.66
8/12/2018	2018	8	12	18.95	11.92
8/13/2018	2018	8	13	29.4	8.26
8/14/2018	2018	8	14	18.7	12.34
8/15/2018	2018	8	15	14.31	13.86
8/16/2018	2018	8	16	15.09	11.44
8/17/2018	2018	8	17	14.79	11.65
8/18/2018	2018	8	18	11.63	14.33
8/19/2018	2018	8	19	14.75	10.5
8/20/2018	2018	8	20	12.04	11.94
8/21/2018	2018	8	21	9.29	13.78
8/22/2018	2018	8	22	6.81	16.13
8/23/2018	2018	8	23	11.68	12.98
8/24/2018	2018	8	24	12.48	11.64
8/25/2018	2018	8	25	15.02	14.35
8/26/2018	2018	8	26	23.27	10.56
8/27/2018	2018	8	27	20.88	9.4
8/28/2018	2018	8	28	22.51	12.74
8/29/2018	2018	8	29	35.69	10.69
8/30/2018	2018	8	30	36.94	9.15
8/31/2018	2018	8	31	32.61	8.76
9/1/2018	2018	9	1	32.56	8.5
9/2/2018	2018	9	2	24.3	10.22
9/3/2018	2018	9	3	27.31	6.6
9/4/2018	2018	9	4	23.63	9.91
9/5/2018	2018	9	5	21.62	11.33
9/6/2018	2018	9	6	25.01	9.36
9/7/2018	2018	9	7	23.9	8.87
9/8/2018	2018	9	8	24.69	9.03
9/9/2018	2018	9	9	29.49	8.58
9/10/2018	2018	9	10	23.6	10.24
9/11/2018	2018	9	11	20.03	10.6
9/12/2018	2018	9	12	16.92	11.91
9/13/2018	2018	9	13	18.05	10.11
9/14/2018	2018	9	14	16.77	9.98
9/15/2018	2018	9	15	13.83	11.7
9/16/2018	2018	9	16	12.61	12.57
9/17/2018	2018	9	17	14.13	10.56
9/18/2018	2018	9	18	12.3	13.08
9/19/2018	2018	9	19	0	25.75
9/20/2018	2018	9	20	14.87	10.64
9/21/2018	2018	9	21	15.7	9.69
9/22/2018	2018	9	22	10.52	14.08
9/23/2018	2018	9	23	10.08	15.92
9/24/2018	2018	9	24	19.99	10.15
9/25/2018	2018	9	25	23.61	8.3
9/26/2018	2018	9	26	18.56	11.58
9/27/2018	2018	9	27	14.36	13.43
9/28/2018	2018	9	28	13.49	12
9/29/2018	2018	9	29	14.56	11.28
9/30/2018	2018	9	30	11.27	13.65
10/1/2018	2018	10	1	12.17	12.31
10/2/2018	2018	10	2	10.4	13.95
10/3/2018	2018	10	3	8.25	15.5
10/4/2018	2018	10	4	8.21	14.62
10/5/2018	2018	10	5	7.16	15.1
10/6/2018	2018	10	6	7.99	14.21
10/7/2018	2018	10	7	9.52	13.12
10/8/2018	2018	10	8	8.79	13.72
10/9/2018	2018	10	9	9.62	13.07
10/10/2018	2018	10	10	13.26	13.21
10/11/2018	2018	10	11	13.15	12.84
10/12/2018	2018	10	12	12.46	11.2
10/13/2018	2018	10	13	10.29	12.3
10/14/2018	2018	10	14	7.54	14.87
10/15/2018	2018	10	15	8.52	12.74
10/16/2018	2018	10	16	7.74	14.13
10/17/2018	2018	10	17	3.05	18.39
10/18/2018	2018	10	18	3.16	18.22
10/19/2018	2018	10	19	7.9	12.49
10/20/2018	2018	10	20	6.35	13.96
10/21/2018	2018	10	21	4.04	16.04
10/22/2018	2018	10	22	7.54	12.52
10/23/2018	2018	10	23	5.92	14.33
10/24/2018	2018	10	24	2.91	16.65
10/25/2018	2018	10	25	1.63	17.99
10/26/2018	2018	10	26	5.75	13.74
10/27/2018	2018	10	27	5.83	13.92
10/28/2018	2018	10	28	6.86	13
10/29/2018	2018	10	29	6.13	13.65
10/30/2018	2018	10	30	2.23	17.27
10/31/2018	2018	10	31	2.27	17.08
11/1/2018	2018	11	1	3.73	15.86
11/2/2018	2018	11	2	6.17	13.12
11/3/2018	2018	11	3	6.78	13.68
11/4/2018	2018	11	4	8.4	11.98
11/5/2018	2018	11	5	7.16	13.99
11/6/2018	2018	11	6	5.85	14.13
11/7/2018	2018	11	7	4.81	15.45
11/8/2018	2018	11	8	3.85	16.55
11/9/2018	2018	11	9	2.96	16.53
11/10/2018	2018	11	10	2.56	17.1
11/11/2018	2018	11	11	5.17	14.33
11/12/2018	2018	11	12	6.26	13.83
11/13/2018	2018	11	13	2.33	17.48
11/14/2018	2018	11	14	4.32	15.52
11/15/2018	2018	11	15	6.3	13.69
11/16/2018	2018	11	16	4.5	15.09
11/17/2018	2018	11	17	4.75	14.36
11/18/2018	2018	11	18	5.2	14.53
11/19/2018	2018	11	19	8.05	11.6
11/20/2018	2018	11	20	3.8	15.99
11/21/2018	2018	11	21	2.31	17.73
11/22/2018	2018	11	22	4.84	14.54
11/23/2018	2018	11	23	4.31	13.93
11/24/2018	2018	11	24	2.54	16.45
11/25/2018	2018	11	25	3.73	15.74
11/26/2018	2018	11	26	2.17	17.69
11/27/2018	2018	11	27	3.34	16.09
11/28/2018	2018	11	28	3.53	15.83
11/29/2018	2018	11	29	5.23	13.76
11/30/2018	2018	11	30	4.93	13.68
12/1/2018	2018	12	1	3.17	15.38
12/2/2018	2018	12	2	7.34	11.62
12/3/2018	2018	12	3	4.21	15.29
12/4/2018	2018	12	4	4.34	14.97
12/5/2018	2018	12	5	3.65	15.45
12/6/2018	2018	12	6	2.64	16.19
12/7/2018	2018	12	7	5.94	11.83
12/8/2018	2018	12	8	3.22	15.12
12/9/2018	2018	12	9	7.8	13.23
12/10/2018	2018	12	10	10.73	10.52
12/11/2018	2018	12	11	8.06	12.23
12/12/2018	2018	12	12	7.51	13.71
12/13/2018	2018	12	13	11.74	9.7
12/14/2018	2018	12	14	6.6	15.53
12/15/2018	2018	12	15	16.89	12.44
12/16/2018	2018	12	16	16.89	10.18
12/17/2018	2018	12	17	10.89	14.63
12/18/2018	2018	12	18	14.02	10.11
12/19/2018	2018	12	19	13.66	11.16
12/20/2018	2018	12	20	36.43	11.23
12/21/2018	2018	12	21	34.2	7.81
12/22/2018	2018	12	22	28.37	7.03
12/23/2018	2018	12	23	24.26	7.96
12/24/2018	2018	12	24	25.45	6.09
12/25/2018	2018	12	25	19.73	8.65
12/26/2018	2018	12	26	19.14	9.2
12/27/2018	2018	12	27	17.26	10.41
12/28/2018	2018	12	28	16.21	10.91
12/29/2018	2018	12	29	16.3	10.5
12/30/2018	2018	12	30	16.9	9.34
12/31/2018	2018	12	31	16.98	8.89
1/1/2019	2019	1	1	14.26	10.47
1/2/2019	2019	1	2	13.19	19.57
1/3/2019	2019	1	3	13.07	11.63
1/4/2019	2019	1	4	15.24	10.52
1/5/2019	2019	1	5	16.75	11.01
1/6/2019	2019	1	6	14.16	12.06
1/7/2019	2019	1	7	15.68	9.55
1/8/2019	2019	1	8	12.85	11.8
1/9/2019	2019	1	9	9.81	14.64
1/10/2019	2019	1	10	12.76	10.65
1/11/2019	2019	1	11	9.89	12.77
1/12/2019	2019	1	12	8.99	13.4
1/13/2019	2019	1	13	10.59	12.66
1/14/2019	2019	1	14	17.37	10.25
1/15/2019	2019	1	15	8.28	14.12
1/16/2019	2019	1	16	8.46	13.94
1/17/2019	2019	1	17	11.35	11.23
1/18/2019	2019	1	18	13.25	8.87
1/19/2019	2019	1	19	12.23	9.3
1/20/2019	2019	1	20	11.65	13.48
1/21/2019	2019	1	21	12.17	12.27
1/22/2019	2019	1	22	12.91	10.16
1/23/2019	2019	1	23	11.02	11.84
1/24/2019	2019	1	24	15.01	10.6
1/25/2019	2019	1	25	16.15	8.34
1/26/2019	2019	1	26	10.21	13.44
1/27/2019	2019	1	27	16.52	14.25
1/28/2019	2019	1	28	8.68	26.53
1/29/2019	2019	1	29	18.61	12.43
1/30/2019	2019	1	30	20.03	9.09
1/31/2019	2019	1	31	18.38	9.25
2/1/2019	2019	2	1	16.68	10.28
2/2/2019	2019	2	2	15.96	10.79
2/3/2019	2019	2	3	11.62	14.36
2/4/2019	2019	2	4	8.2	17.36
2/5/2019	2019	2	5	14.95	10.13
2/6/2019	2019	2	6	10.63	13.64
2/7/2019	2019	2	7	11.54	12.69
2/8/2019	2019	2	8	14.82	10.73
2/9/2019	2019	2	9	9.17	14.77
2/10/2019	2019	2	10	11.85	11.6
2/11/2019	2019	2	11	12.32	10.69
2/12/2019	2019	2	12	12.5	10.55
2/13/2019	2019	2	13	14.9	10.65
2/14/2019	2019	2	14	12.66	10.83
2/15/2019	2019	2	15	10.69	12.43
2/16/2019	2019	2	16	8.79	14.18
2/17/2019	2019	2	17	6.7	15.7
2/18/2019	2019	2	18	13.98	8.85
2/19/2019	2019	2	19	8.47	14.16
2/20/2019	2019	2	20	9.33	13.37
2/21/2019	2019	2	21	9.14	13.01
2/22/2019	2019	2	22	9.36	12.88
2/23/2019	2019	2	23	7.98	14.32
2/24/2019	2019	2	24	9.81	12.34
2/25/2019	2019	2	25	9.72	12.09
2/26/2019	2019	2	26	14.9	11.43
2/27/2019	2019	2	27	21.02	10.28
2/28/2019	2019	2	28	19.21	10.02
3/1/2019	2019	3	1	18.09	9.38
3/2/2019	2019	3	2	14.38	12.41
3/3/2019	2019	3	3	12.29	13.53
3/4/2019	2019	3	4	16.83	10.52
3/5/2019	2019	3	5	17.37	10.02
3/6/2019	2019	3	6	15.12	11.32
3/7/2019	2019	3	7	12.94	12.44
3/8/2019	2019	3	8	13.63	11.25
3/9/2019	2019	3	9	11.16	13.44
3/10/2019	2019	3	10	13.56	10.26
3/11/2019	2019	3	11	13.86	8.97
3/12/2019	2019	3	12	10.58	12.54
3/13/2019	2019	3	13	7.05	15.38
3/14/2019	2019	3	14	8.57	13.64
3/15/2019	2019	3	15	9.67	12.63
3/16/2019	2019	3	16	9.02	12.98
3/17/2019	2019	3	17	8.44	12.99
3/18/2019	2019	3	18	12.38	8.91
3/19/2019	2019	3	19	14.51	6.8
3/20/2019	2019	3	20	8.13	13.22
3/21/2019	2019	3	21	8.44	12.31
3/22/2019	2019	3	22	7.56	13.16
3/23/2019	2019	3	23	7.25	14.15
3/24/2019	2019	3	24	8.47	12.84
3/25/2019	2019	3	25	7.79	13.5
3/26/2019	2019	3	26	5.18	16.05
3/27/2019	2019	3	27	9.9	11.08
3/28/2019	2019	3	28	6.3	14.97
3/29/2019	2019	3	29	8.38	12.63
3/30/2019	2019	3	30	3.91	16.97
3/31/2019	2019	3	31	7.3	13.52
4/1/2019	2019	4	1	9.04	11.47
4/2/2019	2019	4	2	6.87	14.03
4/3/2019	2019	4	3	6.82	13.78
4/4/2019	2019	4	4	5.15	15.36
4/5/2019	2019	4	5	6.9	14.42
4/6/2019	2019	4	6	7.07	13.67
4/7/2019	2019	4	7	7.34	13.11
4/8/2019	2019	4	8	9.69	11.03
4/9/2019	2019	4	9	6.46	14.33
4/10/2019	2019	4	10	7.38	13.09
4/11/2019	2019	4	11	5.16	15.25
4/12/2019	2019	4	12	5.9	14.24
4/13/2019	2019	4	13	2.87	17.58
4/14/2019	2019	4	14	6.54	14.46
4/15/2019	2019	4	15	9.97	11.4
4/16/2019	2019	4	16	6.94	13.8
4/17/2019	2019	4	17	4.64	15.69
4/18/2019	2019	4	18	6.75	13.5
4/19/2019	2019	4	19	10.12	10.07
4/20/2019	2019	4	20	6.64	14.35
4/21/2019	2019	4	21	9.12	11.03
4/22/2019	2019	4	22	9.07	11.16
4/23/2019	2019	4	23	4.34	15.31
4/24/2019	2019	4	24	4.49	15.43
4/25/2019	2019	4	25	4.09	15.63
4/26/2019	2019	4	26	7.06	12.73
4/27/2019	2019	4	27	4.34	14.68
4/28/2019	2019	4	28	4.33	14.85
4/29/2019	2019	4	29	6.24	12.49
4/30/2019	2019	4	30	2.32	17.46
5/1/2019	2019	5	1	3.16	15.93
5/2/2019	2019	5	2	3.16	16.58
5/3/2019	2019	5	3	3.55	15.93
5/4/2019	2019	5	4	4.23	15.36
5/5/2019	2019	5	5	7.29	12.62
5/6/2019	2019	5	6	12.29	7.87
5/7/2019	2019	5	7	6.02	13.91
5/8/2019	2019	5	8	2.21	17.73
5/9/2019	2019	5	9	4.43	15.38
5/10/2019	2019	5	10	7.42	13.33
5/11/2019	2019	5	11	12.9	11.29
5/12/2019	2019	5	12	9.25	12.87
5/13/2019	2019	5	13	14.29	11.23
5/14/2019	2019	5	14	15.26	11.32
5/15/2019	2019	5	15	12.41	12.12
5/16/2019	2019	5	16	10.5	12.98
5/17/2019	2019	5	17	8.66	13.9
5/18/2019	2019	5	18	7.61	14.06
5/19/2019	2019	5	19	7.58	13.87
5/20/2019	2019	5	20	8.64	12.55
5/21/2019	2019	5	21	6.36	14.49
5/22/2019	2019	5	22	3.73	16.89
5/23/2019	2019	5	23	3.61	16.56
5/24/2019	2019	5	24	2.72	17.14
5/25/2019	2019	5	25	1.93	17.49
5/26/2019	2019	5	26	2.32	17.87
5/27/2019	2019	5	27	1.89	17.83
5/28/2019	2019	5	28	1.77	17.5
5/29/2019	2019	5	29	1.88	17.78
5/30/2019	2019	5	30	1.68	17.43
5/31/2019	2019	5	31	0.65	18.16
6/1/2019	2019	6	1	0	18.5
6/2/2019	2019	6	2	0	18.36
6/3/2019	2019	6	3	0	18.65
6/4/2019	2019	6	4	0	19.06
6/5/2019	2019	6	5	0	19.13
6/6/2019	2019	6	6	0	19.12
6/7/2019	2019	6	7	0	18.59
6/8/2019	2019	6	8	4.3	15.12
6/9/2019	2019	6	9	7.07	13.97
6/10/2019	2019	6	10	9.04	12.35
6/11/2019	2019	6	11	6.62	14.11
6/12/2019	2019	6	12	7.24	13.54
6/13/2019	2019	6	13	7.5	12.95
6/14/2019	2019	6	14	6.42	13.97
6/15/2019	2019	6	15	6.4	14.04
6/16/2019	2019	6	16	9.4	12.19
6/17/2019	2019	6	17	12.71	10.34
6/18/2019	2019	6	18	10.22	12.93
6/19/2019	2019	6	19	16.55	11.06
6/20/2019	2019	6	20	11.77	14.41
6/21/2019	2019	6	21	11.49	12.78
6/22/2019	2019	6	22	7.47	15.55
6/23/2019	2019	6	23	6.36	15.96
6/24/2019	2019	6	24	9.98	12.15
6/25/2019	2019	6	25	5.89	16.11
6/26/2019	2019	6	26	1.94	19.41
6/27/2019	2019	6	27	1.9	19.52
6/28/2019	2019	6	28	9.63	13.53
6/29/2019	2019	6	29	12.63	13.39
6/30/2019	2019	6	30	9.32	15.5
7/1/2019	2019	7	1	10.91	12.63
7/2/2019	2019	7	2	7.33	15.34
7/3/2019	2019	7	3	4.2	18.95
7/4/2019	2019	7	4	11.18	12.4
7/5/2019	2019	7	5	8.19	14.77
7/6/2019	2019	7	6	7.32	15.16
7/7/2019	2019	7	7	9.23	13.58
7/8/2019	2019	7	8	19.37	9.28
7/9/2019	2019	7	9	14.36	14.75
7/10/2019	2019	7	10	30.86	11.13
7/11/2019	2019	7	11	23.8	11
7/12/2019	2019	7	12	25.27	10.03
7/13/2019	2019	7	13	27.25	9.41
7/14/2019	2019	7	14	20.42	11.03
7/15/2019	2019	7	15	16.38	10.96
7/16/2019	2019	7	16	13.05	14.48
7/17/2019	2019	7	17	12.35	14.19
7/18/2019	2019	7	18	15.49	12.27
7/19/2019	2019	7	19	13.35	12.48
7/20/2019	2019	7	20	12.77	13.22
7/21/2019	2019	7	21	15.99	11.59
7/22/2019	2019	7	22	15.66	10.6
7/23/2019	2019	7	23	11.9	13.25
7/24/2019	2019	7	24	14.25	13.71
7/25/2019	2019	7	25	31.76	9.88
7/26/2019	2019	7	26	33.81	10.86
7/27/2019	2019	7	27	26.16	11.8
7/28/2019	2019	7	28	21.09	12.11
7/29/2019	2019	7	29	21.27	9.64
7/30/2019	2019	7	30	15.37	13.79
7/31/2019	2019	7	31	16.38	13.66
8/1/2019	2019	8	1	26.21	10.46
8/2/2019	2019	8	2	23.76	11.98
8/3/2019	2019	8	3	29.04	9.51
8/4/2019	2019	8	4	20.11	13.57
8/5/2019	2019	8	5	19.58	11.35
8/6/2019	2019	8	6	20.47	11.52
8/7/2019	2019	8	7	17.89	13.42
8/8/2019	2019	8	8	21.17	10.48
8/9/2019	2019	8	9	16.77	12.28
8/10/2019	2019	8	10	14.85	12.54
8/11/2019	2019	8	11	15.75	11.41
8/12/2019	2019	8	12	16.91	10.22
8/13/2019	2019	8	13	27.38	12.24
8/14/2019	2019	8	14	22.5	14.65
8/15/2019	2019	8	15	50.41	8.8
8/16/2019	2019	8	16	51.61	10.11
8/17/2019	2019	8	17	52.44	7.55
8/18/2019	2019	8	18	41.6	8.31
8/19/2019	2019	8	19	29.33	12.64
8/20/2019	2019	8	20	28.72	11.04
8/21/2019	2019	8	21	29.21	11.06
8/22/2019	2019	8	22	26.52	9.03
8/23/2019	2019	8	23	21.93	10.38
8/24/2019	2019	8	24	18.54	11.67
8/25/2019	2019	8	25	16.87	12.44
8/26/2019	2019	8	26	17.26	11.05
8/27/2019	2019	8	27	14.87	14.34
8/28/2019	2019	8	28	18.23	11.67
8/29/2019	2019	8	29	17.69	11.63
8/30/2019	2019	8	30	17.62	11.31
8/31/2019	2019	8	31	19.08	11.37
9/1/2019	2019	9	1	18.56	9.32
9/2/2019	2019	9	2	17.25	11.54
9/3/2019	2019	9	3	20.02	9.14
9/4/2019	2019	9	4	11.69	15.49
9/5/2019	2019	9	5	15.57	10.74
9/6/2019	2019	9	6	10.93	14.26
9/7/2019	2019	9	7	7.39	16.75
9/8/2019	2019	9	8	9.63	14.43
9/9/2019	2019	9	9	10.44	13.02
9/10/2019	2019	9	10	7.99	14.98
9/11/2019	2019	9	11	3.52	19.23
9/12/2019	2019	9	12	8.16	14.3
9/13/2019	2019	9	13	8.52	13.5
9/14/2019	2019	9	14	3.26	18.3
9/15/2019	2019	9	15	7.7	14.31
9/16/2019	2019	9	16	7.7	14.31
9/17/2019	2019	9	17	7.7	14.31
9/18/2019	2019	9	18	1	20.2
9/19/2019	2019	9	19	3.02	17.62
9/20/2019	2019	9	20	5.33	14.66
9/21/2019	2019	9	21	2.31	17.64
9/22/2019	2019	9	22	3.73	16.29
9/23/2019	2019	9	23	5.03	15.04
9/24/2019	2019	9	24	3.42	16.68
9/25/2019	2019	9	25	1.25	18.71
9/26/2019	2019	9	26	0	20.01
9/27/2019	2019	9	27	0.79	18.68
9/28/2019	2019	9	28	2.32	17.06
9/29/2019	2019	9	29	1.99	17.68
9/30/2019	2019	9	30	3.91	14.91
10/1/2019	2019	10	1	2.28	16.94
10/2/2019	2019	10	2	1.65	18.05
10/3/2019	2019	10	3	0	19.39
10/4/2019	2019	10	4	0	18.84
10/5/2019	2019	10	5	0	19.1
10/6/2019	2019	10	6	3.66	15.75
10/7/2019	2019	10	7	5.09	14.84
10/8/2019	2019	10	8	10.34	12.65
10/9/2019	2019	10	9	9.05	14.33
10/10/2019	2019	10	10	8.64	13.75
10/11/2019	2019	10	11	4.76	16.36
10/12/2019	2019	10	12	3.05	17.81
10/13/2019	2019	10	13	4.21	16.64
10/14/2019	2019	10	14	4.84	16.18
10/15/2019	2019	10	15	4.43	16.61
10/16/2019	2019	10	16	0	20.95
10/17/2019	2019	10	17	7.12	13.63
10/18/2019	2019	10	18	5.34	16.08
10/19/2019	2019	10	19	34.11	10.92
10/20/2019	2019	10	20	20.99	14.99
10/21/2019	2019	10	21	21.53	12.68
10/22/2019	2019	10	22	18.66	13.83
10/23/2019	2019	10	23	13.41	15.85
10/24/2019	2019	10	24	14.65	13.04
10/25/2019	2019	10	25	13.03	13.77
10/26/2019	2019	10	26	15.35	12.52
10/27/2019	2019	10	27	12.77	13.73
10/28/2019	2019	10	28	13.26	12.12
10/29/2019	2019	10	29	11.1	13.7
10/30/2019	2019	10	30	8.52	16.06
10/31/2019	2019	10	31	8.89	14.85
11/1/2019	2019	11	1	8.03	15.02
11/2/2019	2019	11	2	5.77	16.61
11/3/2019	2019	11	3	6.72	15.57
11/4/2019	2019	11	4	8.72	13.56
11/5/2019	2019	11	5	4.74	17.55
11/6/2019	2019	11	6	5.2	17.67
11/7/2019	2019	11	7	7.47	14.42
11/8/2019	2019	11	8	5.53	15.94
11/9/2019	2019	11	9	5.01	15.98
11/10/2019	2019	11	10	6.49	14.96
11/11/2019	2019	11	11	8.23	13.63
11/12/2019	2019	11	12	5.06	17.16
11/13/2019	2019	11	13	5.35	16.06
11/14/2019	2019	11	14	7.65	13.9
11/15/2019	2019	11	15	10.02	11.9
11/16/2019	2019	11	16	7.25	14.11
11/17/2019	2019	11	17	7.58	13.84
11/18/2019	2019	11	18	9.62	11.74
11/19/2019	2019	11	19	4.66	16.54
11/20/2019	2019	11	20	3.95	16.95
11/21/2019	2019	11	21	8.3	12.5
11/22/2019	2019	11	22	5.73	15.01
11/23/2019	2019	11	23	5.13	15.56
11/24/2019	2019	11	24	8.17	14.15
11/25/2019	2019	11	25	10.3	11.4
11/26/2019	2019	11	26	5.14	16.38
11/27/2019	2019	11	27	4.71	16.48
11/28/2019	2019	11	28	8.29	12.45
11/29/2019	2019	11	29	4.79	14.76
11/30/2019	2019	11	30	4.44	15.46
12/1/2019	2019	12	1	4.8	15.33
12/2/2019	2019	12	2	9.25	10.87
12/3/2019	2019	12	3	4.75	14.89
12/4/2019	2019	12	4	5.44	14.22
12/5/2019	2019	12	5	3.29	16.3
12/6/2019	2019	12	6	4.78	14.85
12/7/2019	2019	12	7	4.9	14.02
12/8/2019	2019	12	8	5.53	13.84
12/9/2019	2019	12	9	6.63	12.76
12/10/2019	2019	12	10	4.92	14.42
12/11/2019	2019	12	11	4.45	14.79
12/12/2019	2019	12	12	4.57	14.85
12/13/2019	2019	12	13	5.85	13.19
12/14/2019	2019	12	14	8.48	11.22
12/15/2019	2019	12	15	6.01	13.53
12/16/2019	2019	12	16	7.88	11.74
12/17/2019	2019	12	17	7.46	12.35
12/18/2019	2019	12	18	8.44	12.51
12/19/2019	2019	12	19	8.88	11.74
12/20/2019	2019	12	20	11.79	8.65
12/21/2019	2019	12	21	7.69	12.65
12/22/2019	2019	12	22	11.01	11.12
12/23/2019	2019	12	23	31.81	8.73
12/24/2019	2019	12	24	23.58	9.14
12/25/2019	2019	12	25	21.14	7.37
12/26/2019	2019	12	26	23.15	5.04
12/27/2019	2019	12	27	17.72	9.36
12/28/2019	2019	12	28	15.21	11.52
12/29/2019	2019	12	29	19.2	11.62
12/30/2019	2019	12	30	19.73	8.64
12/31/2019	2019	12	31	14.75	12.03
1/1/2020	2020	1	1	12.77	12.2
1/2/2020	2020	1	2	13.48	11.35
1/3/2020	2020	1	3	16.64	7.75
1/4/2020	2020	1	4	16.13	11.45
1/5/2020	2020	1	5	18.55	8.93
1/6/2020	2020	1	6	16.14	10.12
1/7/2020	2020	1	7	11.59	13.58
1/8/2020	2020	1	8	11.28	13.09
1/9/2020	2020	1	9	13.66	10.27
1/10/2020	2020	1	10	11.08	12.63
1/11/2020	2020	1	11	12.06	11.98
1/12/2020	2020	1	12	9.44	14.12
1/13/2020	2020	1	13	10.92	12.01
1/14/2020	2020	1	14	9.09	13.54
1/15/2020	2020	1	15	7.99	14.3
1/16/2020	2020	1	16	12.14	10.04
1/17/2020	2020	1	17	8.18	13.75
1/18/2020	2020	1	18	7.6	14.56
1/19/2020	2020	1	19	10.55	11.1
1/20/2020	2020	1	20	10.96	11.1
1/21/2020	2020	1	21	7.9	13.34
1/22/2020	2020	1	22	6.48	14.19
1/23/2020	2020	1	23	10	11
1/24/2020	2020	1	24	6.85	14.04
1/25/2020	2020	1	25	6.65	14.23
1/26/2020	2020	1	26	9.21	11.67
1/27/2020	2020	1	27	8.97	11.63
1/28/2020	2020	1	28	8.34	12.28
1/29/2020	2020	1	29	4.15	16.21
1/30/2020	2020	1	30	8.89	11.39
1/31/2020	2020	1	31	8.32	11.69
2/1/2020	2020	2	1	11.53	10.14
2/2/2020	2020	2	2	11.6	10.57
2/3/2020	2020	2	3	10.69	10.55
2/4/2020	2020	2	4	8.27	12.83
2/5/2020	2020	2	5	6.9	13.91
2/6/2020	2020	2	6	12.7	8.58
2/7/2020	2020	2	7	13.66	10.16
2/8/2020	2020	2	8	11.34	11.48
2/9/2020	2020	2	9	12.04	10.09
2/10/2020	2020	2	10	11.96	10.06
2/11/2020	2020	2	11	8.56	13.27
2/12/2020	2020	2	12	7.22	14.48
2/13/2020	2020	2	13	10.3	11.09
2/14/2020	2020	2	14	10.56	10.72
2/15/2020	2020	2	15	7.97	13.23
2/16/2020	2020	2	16	8.55	12.41
2/17/2020	2020	2	17	8.36	12.88
2/18/2020	2020	2	18	8.77	12.09
2/19/2020	2020	2	19	6.81	14.12
2/20/2020	2020	2	20	9.46	11.47
2/21/2020	2020	2	21	8.84	11.65
2/22/2020	2020	2	22	7.43	13.07
2/23/2020	2020	2	23	8.84	12.22
2/24/2020	2020	2	24	9.71	11.08
2/25/2020	2020	2	25	8.29	12.42
2/26/2020	2020	2	26	8.96	12.17
2/27/2020	2020	2	27	10.94	10.39
2/28/2020	2020	2	28	9.77	11.05
2/29/2020	2020	2	29	10.19	10.16
3/1/2020	2020	3	1	8.44	11.78
3/2/2020	2020	3	2	10.46	9.96
3/3/2020	2020	3	3	6.26	14.41
3/4/2020	2020	3	4	6.6	14.17
3/5/2020	2020	3	5	6.43	14.25
3/6/2020	2020	3	6	7.51	12.35
3/7/2020	2020	3	7	5.83	14.4
3/8/2020	2020	3	8	6.9	13.3
3/9/2020	2020	3	9	9.27	10.83
3/10/2020	2020	3	10	3.47	16.69
3/11/2020	2020	3	11	3.95	16.22
3/12/2020	2020	3	12	4.92	15.04
3/13/2020	2020	3	13	5.48	14.62
3/14/2020	2020	3	14	3.85	16.51
3/15/2020	2020	3	15	4.74	15.38
3/16/2020	2020	3	16	7.47	12.56
3/17/2020	2020	3	17	3.2	16.8
3/18/2020	2020	3	18	2.77	17.09
3/19/2020	2020	3	19	2.9	16.86
3/20/2020	2020	3	20	3.31	15.44
3/21/2020	2020	3	21	2.25	16.68
3/22/2020	2020	3	22	4.02	14.77
3/23/2020	2020	3	23	4.05	14.58
3/24/2020	2020	3	24	3.07	15.73
3/25/2020	2020	3	25	0.59	18.21
3/26/2020	2020	3	26	1.17	17.47
3/27/2020	2020	3	27	2.75	15.81
3/28/2020	2020	3	28	1.54	16.56
3/29/2020	2020	3	29	0	18.09
3/30/2020	2020	3	30	0.68	17.64
3/31/2020	2020	3	31	2.78	15.6
4/1/2020	2020	4	1	0.64	17.48
4/2/2020	2020	4	2	0	18.05
4/3/2020	2020	4	3	0	17.74
4/4/2020	2020	4	4	0	17.33
4/5/2020	2020	4	5	0	17.36
4/6/2020	2020	4	6	5.94	11.95
4/7/2020	2020	4	7	1.97	16.01
4/8/2020	2020	4	8	0	17.91
4/9/2020	2020	4	9	0	18
4/10/2020	2020	4	10	3.81	14.41
4/11/2020	2020	4	11	3.09	14.86
4/12/2020	2020	4	12	0	17.77
4/13/2020	2020	4	13	2.33	15.73
4/14/2020	2020	4	14	2.47	16.11
4/15/2020	2020	4	15	0	17.96
4/16/2020	2020	4	16	1.38	16.55
4/17/2020	2020	4	17	3.57	14.24
4/18/2020	2020	4	18	1.95	16.76
4/19/2020	2020	4	19	6.94	11.53
4/20/2020	2020	4	20	6.42	12.21
4/21/2020	2020	4	21	2.96	15.55
4/22/2020	2020	4	22	2.85	15.49
4/23/2020	2020	4	23	0	18.56
4/24/2020	2020	4	24	8.1	13.02
4/25/2020	2020	4	25	10.26	12.69
4/26/2020	2020	4	26	8.85	12.73
4/27/2020	2020	4	27	7.89	13.17
4/28/2020	2020	4	28	3.24	17.07
4/29/2020	2020	4	29	2.93	17.38
4/30/2020	2020	4	30	11.74	13.31
5/1/2020	2020	5	1	10.29	13.02
5/2/2020	2020	5	2	7.47	14.54
5/3/2020	2020	5	3	4.02	18.66
5/4/2020	2020	5	4	7.22	14.14
5/5/2020	2020	5	5	2.53	18.36
5/6/2020	2020	5	6	3.51	17.02
5/7/2020	2020	5	7	3.34	16.71
5/8/2020	2020	5	8	3.43	16.61
5/9/2020	2020	5	9	3.13	16.56
5/10/2020	2020	5	10	6.45	13.03
5/11/2020	2020	5	11	5.64	14.4
5/12/2020	2020	5	12	3.48	16.08
5/13/2020	2020	5	13	0.93	18.33
5/14/2020	2020	5	14	0	19.12
5/15/2020	2020	5	15	1.91	16.81
5/16/2020	2020	5	16	2.74	16.38
5/17/2020	2020	5	17	0	18.67
5/18/2020	2020	5	18	5.73	13.82
5/19/2020	2020	5	19	4.27	15.48
5/20/2020	2020	5	20	1.96	17.59
5/21/2020	2020	5	21	2.51	17.04
5/22/2020	2020	5	22	2.69	16.89
5/23/2020	2020	5	23	0	19.59
5/24/2020	2020	5	24	6.58	13.37
5/25/2020	2020	5	25	6.2	13.17
5/26/2020	2020	5	26	1.99	17.43
5/27/2020	2020	5	27	1.91	17.26
5/28/2020	2020	5	28	2.45	16.6
5/29/2020	2020	5	29	2.23	16.88
5/30/2020	2020	5	30	2.22	16.67
5/31/2020	2020	5	31	4.16	16.19
6/1/2020	2020	6	1	4.68	16.25
6/2/2020	2020	6	2	6.83	13.53
6/3/2020	2020	6	3	3.33	16.63
6/4/2020	2020	6	4	6.89	14.83
6/5/2020	2020	6	5	12.2	10.13
6/6/2020	2020	6	6	24.56	11.64
6/7/2020	2020	6	7	40.46	8.48
6/8/2020	2020	6	8	21.43	14.15
6/9/2020	2020	6	9	14.66	15.67
6/10/2020	2020	6	10	10.42	18.08
6/11/2020	2020	6	11	15.98	12.09
6/12/2020	2020	6	12	14.61	12.62
6/13/2020	2020	6	13	17.13	11.15
6/14/2020	2020	6	14	13.08	13.9
6/15/2020	2020	6	15	14.2	11.42
6/16/2020	2020	6	16	9.99	14.6
6/17/2020	2020	6	17	7.17	16.85
6/18/2020	2020	6	18	8.49	15.1
6/19/2020	2020	6	19	9.43	13.96
6/20/2020	2020	6	20	7.3	15.15
6/21/2020	2020	6	21	11.02	14.7
6/22/2020	2020	6	22	5.25	18.21
6/23/2020	2020	6	23	4.58	17.7
6/24/2020	2020	6	24	0	21.12
6/25/2020	2020	6	25	0	21.19
6/26/2020	2020	6	26	4.48	16.36
6/27/2020	2020	6	27	1.17	19.02
6/28/2020	2020	6	28	0	19.95
6/29/2020	2020	6	29	6.11	14
6/30/2020	2020	6	30	1.44	18.58
7/1/2020	2020	7	1	0	19.96
7/2/2020	2020	7	2	0.6	19.49
7/3/2020	2020	7	3	3.09	16.19
7/4/2020	2020	7	4	0	18.9
7/5/2020	2020	7	5	2.76	16.34
7/6/2020	2020	7	6	7.57	12.49
7/7/2020	2020	7	7	0.96	18.78
7/8/2020	2020	7	8	2.2	17.5
7/9/2020	2020	7	9	2.71	16.71
7/10/2020	2020	7	10	2.35	17.03
7/11/2020	2020	7	11	1.46	17.37
7/12/2020	2020	7	12	1.42	17.17
7/13/2020	2020	7	13	5.67	13.3
7/14/2020	2020	7	14	0.87	17.76
7/15/2020	2020	7	15	0	17.49
7/16/2020	2020	7	16	3.19	16.68
7/17/2020	2020	7	17	7.24	13.04
7/18/2020	2020	7	18	7.33	12.49
7/19/2020	2020	7	19	7.7	13
7/20/2020	2020	7	20	8.22	12.91
7/21/2020	2020	7	21	6.1	15.21
7/22/2020	2020	7	22	7.63	14.13
7/23/2020	2020	7	23	12.07	11.75
7/24/2020	2020	7	24	14.76	10.61
7/25/2020	2020	7	25	15.48	10.47
7/26/2020	2020	7	26	12.15	11.86
7/27/2020	2020	7	27	12.81	11.28
7/28/2020	2020	7	28	18.19	11.93
7/29/2020	2020	7	29	13.26	13.64
7/30/2020	2020	7	30	10.98	14.06
7/31/2020	2020	7	31	9.94	13.37
8/1/2020	2020	8	1	9.07	13.59
8/2/2020	2020	8	2	6.71	15.78
8/3/2020	2020	8	3	10.36	11.95
8/4/2020	2020	8	4	9.29	14.28
8/5/2020	2020	8	5	2.69	18.58
8/6/2020	2020	8	6	1.98	19.03
8/7/2020	2020	8	7	4.06	15.98
8/8/2020	2020	8	8	0.73	18.97
8/9/2020	2020	8	9	3.84	17.05
8/10/2020	2020	8	10	5.6	15.28
8/11/2020	2020	8	11	5.05	16.53
8/12/2020	2020	8	12	3.22	18.05
8/13/2020	2020	8	13	3.77	16.87
8/14/2020	2020	8	14	2.04	17.96
8/15/2020	2020	8	15	2.02	17.75
8/16/2020	2020	8	16	2.02	17.86
8/17/2020	2020	8	17	6.71	13.61
8/18/2020	2020	8	18	4.57	16.07
8/19/2020	2020	8	19	6.87	14.69
8/20/2020	2020	8	20	6.36	15.56
8/21/2020	2020	8	21	11.52	12.19
8/22/2020	2020	8	22	11.06	12.2
8/23/2020	2020	8	23	11.37	12.2
8/24/2020	2020	8	24	13.36	10.64
8/25/2020	2020	8	25	10.11	13.61
8/26/2020	2020	8	26	6.68	16.09
8/27/2020	2020	8	27	8.51	14.25
8/28/2020	2020	8	28	4.87	16.94
8/29/2020	2020	8	29	4.95	16.52
8/30/2020	2020	8	30	20.93	13.56
8/31/2020	2020	8	31	33.49	10.57
9/1/2020	2020	9	1	19.85	14.44
9/2/2020	2020	9	2	19.2	13.03
9/3/2020	2020	9	3	15.22	15.04
9/4/2020	2020	9	4	13.83	14.39
9/5/2020	2020	9	5	11.35	15.41
9/6/2020	2020	9	6	13	14.32
9/7/2020	2020	9	7	20.81	11.72
9/8/2020	2020	9	8	19.7	12.68
9/9/2020	2020	9	9	21.54	13.67
9/10/2020	2020	9	10	22.07	13.59
9/11/2020	2020	9	11	27.54	10.65
9/12/2020	2020	9	12	22.67	10.74
9/13/2020	2020	9	13	26	9.72
9/14/2020	2020	9	14	26.64	9.86
9/15/2020	2020	9	15	22.73	10.54
9/16/2020	2020	9	16	23.62	10.91
9/17/2020	2020	9	17	25.96	9.07
9/18/2020	2020	9	18	22.62	11.27
9/19/2020	2020	9	19	21.16	9.52
9/20/2020	2020	9	20	18.34	9.8
9/21/2020	2020	9	21	13.66	13.05
9/22/2020	2020	9	22	11.88	13.68
9/23/2020	2020	9	23	10.04	14.87
9/24/2020	2020	9	24	8.7	15.8
9/25/2020	2020	9	25	8.14	15.67
9/26/2020	2020	9	26	8.54	15.09
9/27/2020	2020	9	27	10.99	12.69
9/28/2020	2020	9	28	10.55	13.85
9/29/2020	2020	9	29	10.5	12.56
9/30/2020	2020	9	30	11.79	10.99
10/1/2020	2020	10	1	9.12	13.23
10/2/2020	2020	10	2	10.09	11.44
10/3/2020	2020	10	3	9.09	12.04
10/4/2020	2020	10	4	15.07	9.46
10/5/2020	2020	10	5	10.58	12.04
10/6/2020	2020	10	6	9.55	13.03
10/7/2020	2020	10	7	5.66	16.39
10/8/2020	2020	10	8	6.3	15.47
10/9/2020	2020	10	9	7.19	13.98
10/10/2020	2020	10	10	7.35	13.55
10/11/2020	2020	10	11	11.39	10.86
10/12/2020	2020	10	12	10.04	12.56
10/13/2020	2020	10	13	8.87	13.04
10/14/2020	2020	10	14	5.82	15.62
10/15/2020	2020	10	15	6.7	14.4
10/16/2020	2020	10	16	5.22	15.4
10/17/2020	2020	10	17	5.45	14.5
10/18/2020	2020	10	18	9.26	12.81
10/19/2020	2020	10	19	5.85	13.96
10/20/2020	2020	10	20	5.99	14.43
10/21/2020	2020	10	21	5.7	14.8
10/22/2020	2020	10	22	6.25	14.2
10/23/2020	2020	10	23	7.18	12.9
10/24/2020	2020	10	24	5.21	14.26
10/25/2020	2020	10	25	7.62	13
10/26/2020	2020	10	26	4.31	15.23
10/27/2020	2020	10	27	6.7	13.49
10/28/2020	2020	10	28	3.59	16.32
10/29/2020	2020	10	29	5.65	14.31
10/30/2020	2020	10	30	7.77	12.45
10/31/2020	2020	10	31	6.17	13.84
11/1/2020	2020	11	1	8.16	13.91
11/2/2020	2020	11	2	5.74	13.97
11/3/2020	2020	11	3	5.63	14.05
11/4/2020	2020	11	4	3.27	16.33
11/5/2020	2020	11	5	2.32	16.67
11/6/2020	2020	11	6	4.33	14.41
11/7/2020	2020	11	7	4.33	14.49
11/8/2020	2020	11	8	6.05	12.92
11/9/2020	2020	11	9	7.33	11.62
11/10/2020	2020	11	10	5.82	13.62
11/11/2020	2020	11	11	22.51	10.78
11/12/2020	2020	11	12	41.64	12.25
11/13/2020	2020	11	13	26.29	10.55
11/14/2020	2020	11	14	24.65	9.66
11/15/2020	2020	11	15	20.21	10.86
11/16/2020	2020	11	16	19.35	9.82
11/17/2020	2020	11	17	14.71	12.87
11/18/2020	2020	11	18	12.6	13.78
11/19/2020	2020	11	19	12.69	12.77
11/20/2020	2020	11	20	12.32	12.76
11/21/2020	2020	11	21	12.87	11.53
11/22/2020	2020	11	22	9.75	14.57
11/23/2020	2020	11	23	11.7	12.06
11/24/2020	2020	11	24	10.46	12.45
11/25/2020	2020	11	25	7.94	15.41
11/26/2020	2020	11	26	10.3	12.65
11/27/2020	2020	11	27	9.01	12.79
11/28/2020	2020	11	28	7.56	14.41
11/29/2020	2020	11	29	9.14	13.06
11/30/2020	2020	11	30	13.38	10.45
12/1/2020	2020	12	1	10.53	13.17
12/2/2020	2020	12	2	8.84	12.92
12/3/2020	2020	12	3	9.2	12.42
12/4/2020	2020	12	4	9.4	12.18
12/5/2020	2020	12	5	7.83	13.59
12/6/2020	2020	12	6	9.8	11
12/7/2020	2020	12	7	9.89	12.49
12/8/2020	2020	12	8	10.6	11.4
12/9/2020	2020	12	9	7.73	13.88
12/10/2020	2020	12	10	9.79	11.56
12/11/2020	2020	12	11	8.61	12.14
12/12/2020	2020	12	12	7.49	13.08
12/13/2020	2020	12	13	9.21	11.76
12/14/2020	2020	12	14	9.79	11.1
12/15/2020	2020	12	15	8.36	12.62
12/16/2020	2020	12	16	9.76	11.77
12/17/2020	2020	12	17	13.06	9.48
12/18/2020	2020	12	18	11.63	10.01
12/19/2020	2020	12	19	10.58	11.18
12/20/2020	2020	12	20	16.22	9.5
12/21/2020	2020	12	21	19.78	10.29
12/22/2020	2020	12	22	18	9.6
12/23/2020	2020	12	23	14.02	12.09
12/24/2020	2020	12	24	17.44	8.38
12/25/2020	2020	12	25	17.61	8.57
12/26/2020	2020	12	26	16.46	8.18
12/27/2020	2020	12	27	12.47	12.07
12/28/2020	2020	12	28	15.94	8.2
12/29/2020	2020	12	29	12	11.65
12/30/2020	2020	12	30	10.02	13.44
12/31/2020	2020	12	31	12.55	10.93
1/1/2021	2021	1	1	12.5	10.23
1/2/2021	2021	1	2	10.86	11.67
1/3/2021	2021	1	3	13.97	8.75
1/4/2021	2021	1	4	12.67	9.6
1/5/2021	2021	1	5	10.4	11.52
1/6/2021	2021	1	6	8.19	13.23
1/7/2021	2021	1	7	9.95	11.46
1/8/2021	2021	1	8	11.79	9.27
1/9/2021	2021	1	9	9.94	10.71
1/10/2021	2021	1	10	13.84	6.9
1/11/2021	2021	1	11	13.12	7.78
1/12/2021	2021	1	12	8.61	12.24
1/13/2021	2021	1	13	12.04	8.58
1/14/2021	2021	1	14	12.93	7.83
1/15/2021	2021	1	15	14.48	6.38
1/16/2021	2021	1	16	14.51	6.78
1/17/2021	2021	1	17	12.96	8.03
1/18/2021	2021	1	18	9.64	11.1
1/19/2021	2021	1	19	7.91	12.43
1/20/2021	2021	1	20	6.69	13.54
1/21/2021	2021	1	21	8.34	11.91
1/22/2021	2021	1	22	9.2	10.82
1/23/2021	2021	1	23	7.3	12.69
1/24/2021	2021	1	24	8.3	12.12
1/25/2021	2021	1	25	8.28	12.1
1/26/2021	2021	1	26	8.41	12.01
1/27/2021	2021	1	27	7.2	13.14
1/28/2021	2021	1	28	10.01	10.38
1/29/2021	2021	1	29	9.03	10.82
1/30/2021	2021	1	30	7.12	12.88
1/31/2021	2021	1	31	10.59	10.01
2/1/2021	2021	2	1	14.29	8.58
2/2/2021	2021	2	2	11.16	10.7
2/3/2021	2021	2	3	8.29	13.03
2/4/2021	2021	2	4	10.9	8.62
2/5/2021	2021	2	5	8.38	12.59
2/6/2021	2021	2	6	8.82	12.48
2/7/2021	2021	2	7	14.53	8.28
2/8/2021	2021	2	8	9.82	11.77
2/9/2021	2021	2	9	9.48	11.78
2/10/2021	2021	2	10	9.86	11.15
2/11/2021	2021	2	11	10.47	10.45
2/12/2021	2021	2	12	8.92	12.07
2/13/2021	2021	2	13	12.31	10.11
2/14/2021	2021	2	14	17.71	8.94
2/15/2021	2021	2	15	18.17	8.31
2/16/2021	2021	2	16	17.51	10.42
2/17/2021	2021	2	17	16	10.35
2/18/2021	2021	2	18	16.62	8.96
2/19/2021	2021	2	19	16.64	8.99
2/20/2021	2021	2	20	11.81	12.53
2/21/2021	2021	2	21	16.24	9.58
2/22/2021	2021	2	22	14.78	9.07
2/23/2021	2021	2	23	11.5	11.6
2/24/2021	2021	2	24	10.4	12.26
2/25/2021	2021	2	25	11.38	10.98
2/26/2021	2021	2	26	10.93	11.26
2/27/2021	2021	2	27	9.25	12.95
2/28/2021	2021	2	28	13.41	11.25
3/1/2021	2021	3	1	8.36	13.66
3/2/2021	2021	3	2	8.34	13.12
3/3/2021	2021	3	3	8.94	12.32
3/4/2021	2021	3	4	9.66	11.2
3/5/2021	2021	3	5	8.66	12.55
3/6/2021	2021	3	6	9.47	10.95
3/7/2021	2021	3	7	11.02	10.66
3/8/2021	2021	3	8	8.34	12.07
3/9/2021	2021	3	9	6.91	13.6
3/10/2021	2021	3	10	6.06	14.55
3/11/2021	2021	3	11	4.35	16.03
3/12/2021	2021	3	12	6.17	14.44
3/13/2021	2021	3	13	6.22	14.31
3/14/2021	2021	3	14	6.23	14.18
3/15/2021	2021	3	15	6.32	13.28
3/16/2021	2021	3	16	3.42	17.03
3/17/2021	2021	3	17	5.18	15.52
3/18/2021	2021	3	18	6.31	14.46
3/19/2021	2021	3	19	10.85	10.79
3/20/2021	2021	3	20	9.5	11.73
3/21/2021	2021	3	21	10.21	11.29
3/22/2021	2021	3	22	7.7	13.19
3/23/2021	2021	3	23	6.56	14.52
3/24/2021	2021	3	24	5.13	15.86
3/25/2021	2021	3	25	6.81	14.08
3/26/2021	2021	3	26	7.03	13.59
3/27/2021	2021	3	27	5.22	15.38
3/28/2021	2021	3	28	7.74	14.41
3/29/2021	2021	3	29	4.43	16.12
3/30/2021	2021	3	30	4.81	16.03
3/31/2021	2021	3	31	4.5	16.27
4/1/2021	2021	4	1	5.29	15.43
4/2/2021	2021	4	2	7.36	13.34
4/3/2021	2021	4	3	6.23	14.26
4/4/2021	2021	4	4	6.61	13.38
4/5/2021	2021	4	5	4.91	15.42
4/6/2021	2021	4	6	4.91	15.45
4/7/2021	2021	4	7	4.15	16.19
4/8/2021	2021	4	8	3.24	16.08
4/9/2021	2021	4	9	5.79	14.86
4/10/2021	2021	4	10	6.44	13.88
4/11/2021	2021	4	11	17.41	10.07
4/12/2021	2021	4	12	12.99	13.4
4/13/2021	2021	4	13	10.82	13.42
4/14/2021	2021	4	14	8.3	14.86
4/15/2021	2021	4	15	8.24	14.51
4/16/2021	2021	4	16	9.17	13.77
4/17/2021	2021	4	17	8.28	13.82
4/18/2021	2021	4	18	12.15	11.5
4/19/2021	2021	4	19	9.5	12.67
4/20/2021	2021	4	20	10.81	11.52
4/21/2021	2021	4	21	9.06	13.25
4/22/2021	2021	4	22	8.3	13.25
4/23/2021	2021	4	23	6.08	14.41
4/24/2021	2021	4	24	8.08	13.48
4/25/2021	2021	4	25	7.9	13.11
4/26/2021	2021	4	26	5.33	14.93
4/27/2021	2021	4	27	4.14	15.77
4/28/2021	2021	4	28	4.12	15.69
4/29/2021	2021	4	29	4.04	15.89
4/30/2021	2021	4	30	3.46	16.49
5/1/2021	2021	5	1	3.86	16.67
5/2/2021	2021	5	2	5.02	15.31
5/3/2021	2021	5	3	3.41	16.28
5/4/2021	2021	5	4	2.43	17.14
5/5/2021	2021	5	5	0.01	19.54
5/6/2021	2021	5	6	2.67	16.75
5/7/2021	2021	5	7	2.29	16.93
5/8/2021	2021	5	8	3.22	15.43
5/9/2021	2021	5	9	3.58	17.46
5/10/2021	2021	5	10	0	19.29
5/11/2021	2021	5	11	0	19.07
5/12/2021	2021	5	12	0	18.39
5/13/2021	2021	5	13	0	18.63
5/14/2021	2021	5	14	2.1	17.32
5/15/2021	2021	5	15	1.2	17.79
5/16/2021	2021	5	16	0.44	17.44
5/17/2021	2021	5	17	0	18.34
5/18/2021	2021	5	18	0	18.84
5/19/2021	2021	5	19	0	19.61
5/20/2021	2021	5	20	0	18.33
5/21/2021	2021	5	21	0	17.97
5/22/2021	2021	5	22	0	18.75
5/23/2021	2021	5	23	0	19.46
5/24/2021	2021	5	24	0	18.21
5/25/2021	2021	5	25	0	19.04
5/26/2021	2021	5	26	0	18.25
5/27/2021	2021	5	27	0	18.36
5/28/2021	2021	5	28	0	18.49
5/29/2021	2021	5	29	0	17.89
5/30/2021	2021	5	30	0	18.01
5/31/2021	2021	5	31	0	18.22
6/1/2021	2021	6	1	0	18.29
6/2/2021	2021	6	2	0	19.39
6/3/2021	2021	6	3	0	18.48
6/4/2021	2021	6	4	0	18.46
6/5/2021	2021	6	5	0	17.95
6/6/2021	2021	6	6	0	17.83
6/7/2021	2021	6	7	0	18.84
6/8/2021	2021	6	8	0	18.65
6/9/2021	2021	6	9	0	18.47
6/10/2021	2021	6	10	0	18.42
6/11/2021	2021	6	11	0	18.43
6/12/2021	2021	6	12	0	17.7
6/13/2021	2021	6	13	0	17.95
6/14/2021	2021	6	14	0	18.43
6/15/2021	2021	6	15	0	18.64
6/16/2021	2021	6	16	2.58	16.41
6/17/2021	2021	6	17	7.52	13.32
6/18/2021	2021	6	18	6.76	13.14
6/19/2021	2021	6	19	4	15.32
6/20/2021	2021	6	20	7.43	13.22
6/21/2021	2021	6	21	3.21	16.32
6/22/2021	2021	6	22	0.24	19.04
6/23/2021	2021	6	23	0	19.65
6/24/2021	2021	6	24	16.22	11.53
6/25/2021	2021	6	25	29.6	10.64
6/26/2021	2021	6	26	10.68	13.55
6/27/2021	2021	6	27	11.5	11.73
6/28/2021	2021	6	28	9.15	13.5
6/29/2021	2021	6	29	9.71	13.3
6/30/2021	2021	6	30	15.22	12.56
7/1/2021	2021	7	1	16.81	9.94
7/2/2021	2021	7	2	13.86	10.3
7/3/2021	2021	7	3	15.78	11.2
7/4/2021	2021	7	4	18.09	9.53
7/5/2021	2021	7	5	17.6	8.76
7/6/2021	2021	7	6	19.11	10.48
7/7/2021	2021	7	7	27.66	8.52
7/8/2021	2021	7	8	21.36	8.35
7/9/2021	2021	7	9	18.06	9.12
7/10/2021	2021	7	10	17.08	9.65
7/11/2021	2021	7	11	14.69	11.56
7/12/2021	2021	7	12	16.77	9.63
7/13/2021	2021	7	13	15.18	11.64
7/14/2021	2021	7	14	17.36	11.04
7/15/2021	2021	7	15	15.79	9.86
7/16/2021	2021	7	16	17.88	9.44
7/17/2021	2021	7	17	14.68	10.34
7/18/2021	2021	7	18	16.62	9.66
7/19/2021	2021	7	19	10.67	12.79
7/20/2021	2021	7	20	8.24	14.69
7/21/2021	2021	7	21	7.74	14.78
7/22/2021	2021	7	22	6.85	15.31
7/23/2021	2021	7	23	7.97	14.01
7/24/2021	2021	7	24	6.93	15.04
7/25/2021	2021	7	25	7.51	13.97
7/26/2021	2021	7	26	7.1	14.36
7/27/2021	2021	7	27	5.53	16.83
7/28/2021	2021	7	28	10.91	12.87
7/29/2021	2021	7	29	11.94	11.82
7/30/2021	2021	7	30	10.92	11.98
7/31/2021	2021	7	31	7.65	14.47
8/1/2021	2021	8	1	7.6	14.12
8/2/2021	2021	8	2	6.27	15.42
8/3/2021	2021	8	3	10.56	13.4
8/4/2021	2021	8	4	33.2	6.08
8/5/2021	2021	8	5	25.99	7.5
8/6/2021	2021	8	6	25.22	7.19
8/7/2021	2021	8	7	21.24	9.61
8/8/2021	2021	8	8	14.06	11.43
8/9/2021	2021	8	9	8.7	16.78
8/10/2021	2021	8	10	18.56	11.27
8/11/2021	2021	8	11	29.64	9.08
8/12/2021	2021	8	12	29.73	7.74
8/13/2021	2021	8	13	28.12	7.32
8/14/2021	2021	8	14	26.46	7.29
8/15/2021	2021	8	15	25.85	6.59
8/16/2021	2021	8	16	32.11	3.89
8/17/2021	2021	8	17	26.13	7.51
8/18/2021	2021	8	18	24.53	8.26
8/19/2021	2021	8	19	22.34	7.97
8/20/2021	2021	8	20	19.61	8.24
8/21/2021	2021	8	21	23.53	8.58
8/22/2021	2021	8	22	16	10.75
8/23/2021	2021	8	23	19.43	9.09
8/24/2021	2021	8	24	15.92	9.59
8/25/2021	2021	8	25	12.98	11.15
8/26/2021	2021	8	26	15.41	9.21
8/27/2021	2021	8	27	13.39	11.33
8/28/2021	2021	8	28	16.14	11.45
8/29/2021	2021	8	29	13.88	13.5
8/30/2021	2021	8	30	11.38	14.18
8/31/2021	2021	8	31	7.46	19.88
9/1/2021	2021	9	1	29.32	14.78
9/2/2021	2021	9	2	33.62	9.49
9/3/2021	2021	9	3	26.97	10.04
9/4/2021	2021	9	4	22.9	11.55
9/5/2021	2021	9	5	23.51	9.82
9/6/2021	2021	9	6	19.54	11.46
9/7/2021	2021	9	7	21.66	12.39
9/8/2021	2021	9	8	18.85	13.58
9/9/2021	2021	9	9	15.95	13.98
9/10/2021	2021	9	10	18.04	12.08
9/11/2021	2021	9	11	19.44	9.13
9/12/2021	2021	9	12	18.01	8.98
9/13/2021	2021	9	13	15.13	12.17
9/14/2021	2021	9	14	20.59	11.67
9/15/2021	2021	9	15	26.42	10.31
9/16/2021	2021	9	16	23.18	10.35
9/17/2021	2021	9	17	24.78	9.54
9/18/2021	2021	9	18	23.71	9.21
9/19/2021	2021	9	19	23	9.26
9/20/2021	2021	9	20	23.44	9.29
9/21/2021	2021	9	21	21.38	10.67
9/22/2021	2021	9	22	20.08	10.52
9/23/2021	2021	9	23	16.48	12.48
9/24/2021	2021	9	24	13.76	13.23
9/25/2021	2021	9	25	15.47	10.62
9/26/2021	2021	9	26	14.53	10.63
9/27/2021	2021	9	27	11.97	12.94
9/28/2021	2021	9	28	7.44	16.64
9/29/2021	2021	9	29	7.13	16.3
9/30/2021	2021	9	30	7.46	15.48
10/1/2021	2021	10	1	7.38	13.81
10/2/2021	2021	10	2	7.73	12.97
10/3/2021	2021	10	3	10.95	11.56
10/4/2021	2021	10	4	3	17.91
10/5/2021	2021	10	5	5.34	15.29
10/6/2021	2021	10	6	4.28	17.4
10/7/2021	2021	10	7	4.73	16.63
10/8/2021	2021	10	8	5.23	16.13
10/9/2021	2021	10	9	7.8	13.56
10/10/2021	2021	10	10	7.96	14.71
10/11/2021	2021	10	11	6.35	16.66
10/12/2021	2021	10	12	4.59	16.88
10/13/2021	2021	10	13	2.89	17.41
10/14/2021	2021	10	14	5.07	15.19
10/15/2021	2021	10	15	2.23	17.96
10/16/2021	2021	10	16	3.18	16.51
10/17/2021	2021	10	17	5.48	14.65
10/18/2021	2021	10	18	4.46	16.06
10/19/2021	2021	10	19	4.04	16.04
10/20/2021	2021	10	20	2.15	17.5
10/21/2021	2021	10	21	2.29	17.32
10/22/2021	2021	10	22	6	13.66
10/23/2021	2021	10	23	2.3	17.12
10/24/2021	2021	10	24	3.54	15.85
10/25/2021	2021	10	25	6.5	13.61
10/26/2021	2021	10	26	5.44	14.76
10/27/2021	2021	10	27	4.68	14.85
10/28/2021	2021	10	28	6.38	12.98
10/29/2021	2021	10	29	5.52	13.87
10/30/2021	2021	10	30	6.81	12.61
10/31/2021	2021	10	31	6.61	12.8
11/1/2021	2021	11	1	4.86	14.33
11/2/2021	2021	11	2	2.98	16.34
11/3/2021	2021	11	3	3.49	15.93
11/4/2021	2021	11	4	2.21	16.82
11/5/2021	2021	11	5	14.22	9.98
11/6/2021	2021	11	6	14.06	12.49
11/7/2021	2021	11	7	13.15	11.28
11/8/2021	2021	11	8	11.86	11.57
11/9/2021	2021	11	9	7.81	14.75
11/10/2021	2021	11	10	5.96	16.29
11/11/2021	2021	11	11	7.49	14.92
11/12/2021	2021	11	12	7.38	14.26
11/13/2021	2021	11	13	9.96	11.47
11/14/2021	2021	11	14	7.74	13.86
11/15/2021	2021	11	15	6.36	14.81
11/16/2021	2021	11	16	7.58	13.27
11/17/2021	2021	11	17	4.26	16.31
11/18/2021	2021	11	18	6.15	14.4
11/19/2021	2021	11	19	7.08	13.28
11/20/2021	2021	11	20	8.11	11.57
11/21/2021	2021	11	21	5.51	14.65
11/22/2021	2021	11	22	8.27	11.97
11/23/2021	2021	11	23	5.89	14.17
11/24/2021	2021	11	24	4.95	14.9
11/25/2021	2021	11	25	7.7	11.97
11/26/2021	2021	11	26	5.3	13.75
11/27/2021	2021	11	27	6.72	12.27
11/28/2021	2021	11	28	4.39	14.74
11/29/2021	2021	11	29	7.06	12.63
11/30/2021	2021	11	30	4.48	14.89
12/1/2021	2021	12	1	2.9	16.25
12/2/2021	2021	12	2	4.9	14.39
12/3/2021	2021	12	3	5.13	14.04
12/4/2021	2021	12	4	2.14	16.82
12/5/2021	2021	12	5	6.19	12.71
12/6/2021	2021	12	6	5.42	13.25
12/7/2021	2021	12	7	4.88	14.38
12/8/2021	2021	12	8	3.91	15.23
12/9/2021	2021	12	9	5.47	14.14
12/10/2021	2021	12	10	5.35	14.04
12/11/2021	2021	12	11	4.75	14.36
12/12/2021	2021	12	12	9.42	10.24
12/13/2021	2021	12	13	4.88	14.75
12/14/2021	2021	12	14	4.34	14.57
12/15/2021	2021	12	15	3.19	15.71
12/16/2021	2021	12	16	3.3	15.93
12/17/2021	2021	12	17	5.97	13.27
12/18/2021	2021	12	18	4.01	15.86
12/19/2021	2021	12	19	7.43	12.56
12/20/2021	2021	12	20	6.72	12.73
12/21/2021	2021	12	21	6.72	10.55
12/22/2021	2021	12	22	9.93	11.19
12/23/2021	2021	12	23	8.71	11.46
12/24/2021	2021	12	24	8.61	11.65
12/25/2021	2021	12	25	8.35	10.84
12/26/2021	2021	12	26	6	14.02
12/27/2021	2021	12	27	8.9	12.14
12/28/2021	2021	12	28	5.55	15.81
12/29/2021	2021	12	29	6.64	14.37
12/30/2021	2021	12	30	6.81	14.03
12/31/2021	2021	12	31	7.05	14.36
1/1/2022	2022	1	1	6.81	12.68
1/2/2022	2022	1	2	10.43	10.16
1/3/2022	2022	1	3	6.65	13.37
1/4/2022	2022	1	4	5.89	14.89
1/5/2022	2022	1	5	5.02	15.44
1/6/2022	2022	1	6	6.64	14.06
1/7/2022	2022	1	7	6.72	13.63
1/8/2022	2022	1	8	5.42	15.07
1/9/2022	2022	1	9	7.69	13.45
1/10/2022	2022	1	10	6.73	13.79
1/11/2022	2022	1	11	7.08	12.73
1/12/2022	2022	1	12	2.63	16.77
1/13/2022	2022	1	13	4.48	14.82
1/14/2022	2022	1	14	6.79	10.64
1/15/2022	2022	1	15	3.71	15.28
1/16/2022	2022	1	16	11.98	7.86
1/17/2022	2022	1	17	8.57	20.64
1/18/2022	2022	1	18	6.92	23.1
1/19/2022	2022	1	19	5.17	23.08
1/20/2022	2022	1	20	6.11	23.09
1/21/2022	2022	1	21	5.67	23.25
1/22/2022	2022	1	22	4.18	23.91
1/23/2022	2022	1	23	9.47	24.26
1/24/2022	2022	1	24	8.46	23.81
1/25/2022	2022	1	25	7.14	23.07
1/26/2022	2022	1	26	9.62	11.87
1/27/2022	2022	1	27	10.73	9.89
1/28/2022	2022	1	28	10.46	10.33
1/29/2022	2022	1	29	9.33	24.31
1/30/2022	2022	1	30	9.86	25.1
1/31/2022	2022	1	31	9.37	16.42
2/1/2022	2022	2	1	6.64	13.21
2/2/2022	2022	2	2	5.27	14.75
2/3/2022	2022	2	3	6.33	13.95
2/4/2022	2022	2	4	6.46	13.71
2/5/2022	2022	2	5	5.89	13.59
2/6/2022	2022	2	6	8.78	10.65
2/7/2022	2022	2	7	9.07	10.8
2/8/2022	2022	2	8	8.16	11.75
2/9/2022	2022	2	9	9.34	10.76
2/10/2022	2022	2	10	9.65	10.49
2/11/2022	2022	2	11	8.39	11.87
2/12/2022	2022	2	12	6.17	13.69
2/13/2022	2022	2	13	10.76	9.37
2/14/2022	2022	2	14	8.94	11.17
2/15/2022	2022	2	15	7.01	12.75
2/16/2022	2022	2	16	4.09	15.05
2/17/2022	2022	2	17	6.24	13.09
2/18/2022	2022	2	18	7.31	12.4
2/19/2022	2022	2	19	6.44	11.31
2/20/2022	2022	2	20	7.62	10.95
2/21/2022	2022	2	21	7.75	10.11
2/22/2022	2022	2	22	5.95	13.12
2/23/2022	2022	2	23	5.18	16.2
2/24/2022	2022	2	24	5.02	15.52
2/25/2022	2022	2	25	6.14	14.39
2/26/2022	2022	2	26	3.1	15.41
2/27/2022	2022	2	27	5.29	13.55
2/28/2022	2022	2	28	9	10.21
3/1/2022	2022	3	1	5.69	13.2
3/2/2022	2022	3	2	2.7	15.99
3/3/2022	2022	3	3	5	14.07
3/4/2022	2022	3	4	4.3	14.43
3/5/2022	2022	3	5	4.3	14
3/6/2022	2022	3	6	3.17	15.2
3/7/2022	2022	3	7	6.5	12.89
3/8/2022	2022	3	8	4.52	15.54
3/9/2022	2022	3	9	4.08	15.84
3/10/2022	2022	3	10	6.3	13.7
3/11/2022	2022	3	11	7.49	13.06
3/12/2022	2022	3	12	8.43	12.5
3/13/2022	2022	3	13	8.32	11.72
3/14/2022	2022	3	14	8.05	12.29
3/15/2022	2022	3	15	6.65	13.81
3/16/2022	2022	3	16	8.45	13.42
3/17/2022	2022	3	17	9.37	12.19
3/18/2022	2022	3	18	7.83	13.72
3/19/2022	2022	3	19	6.78	13.79
3/20/2022	2022	3	20	7.54	12.79
3/21/2022	2022	3	21	6.82	14.18
3/22/2022	2022	3	22	4.58	16.22
3/23/2022	2022	3	23	5.89	14.36
3/24/2022	2022	3	24	11.22	11.42
3/25/2022	2022	3	25	11.25	10.88
3/26/2022	2022	3	26	9.29	12.02
3/27/2022	2022	3	27	9.79	11.25
3/28/2022	2022	3	28	5.63	15.84
3/29/2022	2022	3	29	6.01	15.45
3/30/2022	2022	3	30	5.33	15.97
3/31/2022	2022	3	31	9.72	11.57
4/1/2022	2022	4	1	11.5	12.02
4/2/2022	2022	4	2	12.42	12.24
4/3/2022	2022	4	3	19.01	8.13
4/4/2022	2022	4	4	10.39	14.64
4/5/2022	2022	4	5	10.95	13.62
4/6/2022	2022	4	6	10.11	13.97
4/7/2022	2022	4	7	14.73	11.87
4/8/2022	2022	4	8	16.26	10.7
4/9/2022	2022	4	9	13.47	11.16
4/10/2022	2022	4	10	11.06	12.64
4/11/2022	2022	4	11	11.93	11.51
4/12/2022	2022	4	12	7.38	16.34
4/13/2022	2022	4	13	8.58	15.79
4/14/2022	2022	4	14	4.55	17.83
4/15/2022	2022	4	15	3.26	18.94
4/16/2022	2022	4	16	6.3	14.91
4/17/2022	2022	4	17	7.46	13.47
4/18/2022	2022	4	18	6.53	15.09
4/19/2022	2022	4	19	7.41	15.19
4/20/2022	2022	4	20	3.95	18.17
4/21/2022	2022	4	21	0.34	20.84
4/22/2022	2022	4	22	4.49	16.28
4/23/2022	2022	4	23	3.3	16.62
4/24/2022	2022	4	24	4.05	16.36
4/25/2022	2022	4	25	3.28	17.38
4/26/2022	2022	4	26	2.73	17.6
4/27/2022	2022	4	27	1.86	18.47
4/28/2022	2022	4	28	1.84	18.74
4/29/2022	2022	4	29	4.9	16.18
4/30/2022	2022	4	30	9.56	13.39
5/1/2022	2022	5	1	8.94	13.32
5/2/2022	2022	5	2	6.98	14.78
5/3/2022	2022	5	3	4.57	16.89
5/4/2022	2022	5	4	3.37	18.05
5/5/2022	2022	5	5	4.98	16.24
5/6/2022	2022	5	6	3.79	17.26
5/7/2022	2022	5	7	7.29	14.71
5/8/2022	2022	5	8	7.69	13.41
5/9/2022	2022	5	9	5.28	16.08
5/10/2022	2022	5	10	5.48	15.48
5/11/2022	2022	5	11	3.34	17.35
5/12/2022	2022	5	12	4.25	16.22
5/13/2022	2022	5	13	3.11	17.25
5/14/2022	2022	5	14	4.12	16.06
5/15/2022	2022	5	15	3.57	16.51
5/16/2022	2022	5	16	5.5	14.85
5/17/2022	2022	5	17	2.81	17.49
5/18/2022	2022	5	18	1.86	18.23
5/19/2022	2022	5	19	2.38	17.75
5/20/2022	2022	5	20	5.42	14.47
5/21/2022	2022	5	21	5.46	13.96
5/22/2022	2022	5	22	3.77	16.09
5/23/2022	2022	5	23	4.37	15.69
5/24/2022	2022	5	24	3.97	16.17
5/25/2022	2022	5	25	3.34	16.35
5/26/2022	2022	5	26	3.57	16.22
5/27/2022	2022	5	27	5.39	14.13
5/28/2022	2022	5	28	4.13	14.65
5/29/2022	2022	5	29	5.57	12.91
5/30/2022	2022	5	30	3.86	15
5/31/2022	2022	5	31	6.13	14.13
6/1/2022	2022	6	1	7.68	12.66
6/2/2022	2022	6	2	7.73	12.47
6/3/2022	2022	6	3	3.92	16.32
6/4/2022	2022	6	4	6.87	12.74
6/5/2022	2022	6	5	7.17	13.08
6/6/2022	2022	6	6	5.11	15.21
6/7/2022	2022	6	7	5.34	14.66
6/8/2022	2022	6	8	4.83	15.13
6/9/2022	2022	6	9	3.38	16.61
6/10/2022	2022	6	10	5.5	14.13
6/11/2022	2022	6	11	5.65	13.98
6/12/2022	2022	6	12	6.73	12.8
6/13/2022	2022	6	13	5.81	14.11
6/14/2022	2022	6	14	6.59	13.26
6/15/2022	2022	6	15	2.63	17.32
6/16/2022	2022	6	16	3.32	16.24
6/17/2022	2022	6	17	3.86	15.89
6/18/2022	2022	6	18	2.75	16.14
6/19/2022	2022	6	19	2.62	16.16
6/20/2022	2022	6	20	5.97	13.08
6/21/2022	2022	6	21	5.27	14.11
6/22/2022	2022	6	22	3.22	16.35
6/23/2022	2022	6	23	2.31	17.23
6/24/2022	2022	6	24	3.94	15.61
6/25/2022	2022	6	25	2.81	15.78
6/26/2022	2022	6	26	6.77	13.58
6/27/2022	2022	6	27	9.67	12.49
6/28/2022	2022	6	28	9.46	13.3
6/29/2022	2022	6	29	8.64	13.47
6/30/2022	2022	6	30	6.6	15.04
7/1/2022	2022	7	1	10.69	11.8
7/2/2022	2022	7	2	8.42	13.52
7/3/2022	2022	7	3	10.75	10.89
7/4/2022	2022	7	4	9.24	12.76
7/5/2022	2022	7	5	7.91	13.8
7/6/2022	2022	7	6	8.03	13.96
7/7/2022	2022	7	7	6.61	15.09
7/8/2022	2022	7	8	6.16	15.71
7/9/2022	2022	7	9	7.91	13.17
7/10/2022	2022	7	10	8.43	12.92
7/11/2022	2022	7	11	10.54	12.61
7/12/2022	2022	7	12	9.22	13.67
7/13/2022	2022	7	13	8.21	13.99
7/14/2022	2022	7	14	8.07	14.79
7/15/2022	2022	7	15	11.59	12.18
7/16/2022	2022	7	16	12.6	11.98
7/17/2022	2022	7	17	14.62	9.92
7/18/2022	2022	7	18	11.16	12.97
7/19/2022	2022	7	19	10.78	13.09
7/20/2022	2022	7	20	7.34	16.07
7/21/2022	2022	7	21	7.45	15.58
7/22/2022	2022	7	22	7.06	15.33
7/23/2022	2022	7	23	11.86	11.15
7/24/2022	2022	7	24	12.67	10.88
7/25/2022	2022	7	25	8.27	14.68
7/26/2022	2022	7	26	13.11	11.83
7/27/2022	2022	7	27	12.21	14.21
7/28/2022	2022	7	28	10.89	14.01
7/29/2022	2022	7	29	10.03	13.74
7/30/2022	2022	7	30	9.58	12.78
7/31/2022	2022	7	31	5.36	16.64
8/1/2022	2022	8	1	9.7	12.54
8/2/2022	2022	8	2	8.79	13.41
8/3/2022	2022	8	3	4.53	18.35
8/4/2022	2022	8	4	12.18	10.89
8/5/2022	2022	8	5	7.77	16.46
8/6/2022	2022	8	6	11.14	12.39
8/7/2022	2022	8	7	7.7	15.58
8/8/2022	2022	8	8	15.24	11.64
8/9/2022	2022	8	9	16.87	13.96
8/10/2022	2022	8	10	15.62	13.7
8/11/2022	2022	8	11	16.85	23.24
8/12/2022	2022	8	12	13.73	14.05
8/13/2022	2022	8	13	13.19	11.74
8/14/2022	2022	8	14	12.9	11.62
8/15/2022	2022	8	15	11	12.91
8/16/2022	2022	8	16	9.53	14.49
8/17/2022	2022	8	17	9.82	13.58
8/18/2022	2022	8	18	8.43	14.89
8/19/2022	2022	8	19	10.02	12.61
8/20/2022	2022	8	20	7.44	14.23
8/21/2022	2022	8	21	7.72	14.98
8/22/2022	2022	8	22	9.2	13.82
8/23/2022	2022	8	23	6.63	16.51
8/24/2022	2022	8	24	7.86	15.56
8/25/2022	2022	8	25	10.29	13.77
8/26/2022	2022	8	26	10.34	13.61
8/27/2022	2022	8	27	10.87	12.57
8/28/2022	2022	8	28	12.48	12.65
8/29/2022	2022	8	29	19.17	10.86
8/30/2022	2022	8	30	16.39	13.28
8/31/2022	2022	8	31	13.11	13.86
9/1/2022	2022	9	1		
9/2/2022	2022	9	2		
9/3/2022	2022	9	3		
9/4/2022	2022	9	4		
9/5/2022	2022	9	5		
9/6/2022	2022	9	6		
9/7/2022	2022	9	7		
9/8/2022	2022	9	8		
9/9/2022	2022	9	9		
9/10/2022	2022	9	10		
9/11/2022	2022	9	11		
9/12/2022	2022	9	12		
9/13/2022	2022	9	13		
9/14/2022	2022	9	14		
9/15/2022	2022	9	15		
9/16/2022	2022	9	16		
9/17/2022	2022	9	17		
9/18/2022	2022	9	18		
9/19/2022	2022	9	19		
9/20/2022	2022	9	20		
9/21/2022	2022	9	21		
9/22/2022	2022	9	22		
9/23/2022	2022	9	23		
9/24/2022	2022	9	24		
9/25/2022	2022	9	25		
9/26/2022	2022	9	26		
9/27/2022	2022	9	27		
9/28/2022	2022	9	28		
9/29/2022	2022	9	29		
9/30/2022	2022	9	30		
10/1/2022	2022	10	1		
10/2/2022	2022	10	2		
10/3/2022	2022	10	3		
10/4/2022	2022	10	4		
10/5/2022	2022	10	5		
10/6/2022	2022	10	6		
10/7/2022	2022	10	7		
10/8/2022	2022	10	8		
10/9/2022	2022	10	9		
10/10/2022	2022	10	10		
10/11/2022	2022	10	11		
10/12/2022	2022	10	12		
10/13/2022	2022	10	13		
10/14/2022	2022	10	14		
10/15/2022	2022	10	15		
10/16/2022	2022	10	16		
10/17/2022	2022	10	17		
10/18/2022	2022	10	18		
10/19/2022	2022	10	19		
10/20/2022	2022	10	20		
10/21/2022	2022	10	21		
10/22/2022	2022	10	22		
10/23/2022	2022	10	23		
10/24/2022	2022	10	24		
10/25/2022	2022	10	25		
10/26/2022	2022	10	26		
10/27/2022	2022	10	27		
10/28/2022	2022	10	28		
10/29/2022	2022	10	29		
10/30/2022	2022	10	30		
10/31/2022	2022	10	31		
11/1/2022	2022	11	1		
11/2/2022	2022	11	2		
11/3/2022	2022	11	3		
11/4/2022	2022	11	4		
11/5/2022	2022	11	5		
11/6/2022	2022	11	6		
11/7/2022	2022	11	7		
11/8/2022	2022	11	8		
11/9/2022	2022	11	9		
11/10/2022	2022	11	10		
11/11/2022	2022	11	11		
11/12/2022	2022	11	12		
11/13/2022	2022	11	13		
11/14/2022	2022	11	14		
11/15/2022	2022	11	15		
11/16/2022	2022	11	16		
11/17/2022	2022	11	17		
11/18/2022	2022	11	18		
11/19/2022	2022	11	19		
11/20/2022	2022	11	20		
11/21/2022	2022	11	21		
11/22/2022	2022	11	22		
11/23/2022	2022	11	23		
11/24/2022	2022	11	24		
11/25/2022	2022	11	25		
11/26/2022	2022	11	26		
11/27/2022	2022	11	27		
11/28/2022	2022	11	28		
11/29/2022	2022	11	29		
11/30/2022	2022	11	30		
12/1/2022	2022	12	1		
12/2/2022	2022	12	2		
12/3/2022	2022	12	3		
12/4/2022	2022	12	4		
12/5/2022	2022	12	5		
12/6/2022	2022	12	6		
12/7/2022	2022	12	7		
12/8/2022	2022	12	8		
12/9/2022	2022	12	9		
12/10/2022	2022	12	10		
12/11/2022	2022	12	11		
12/12/2022	2022	12	12		
12/13/2022	2022	12	13		
12/14/2022	2022	12	14		
12/15/2022	2022	12	15		
12/16/2022	2022	12	16		
12/17/2022	2022	12	17		
12/18/2022	2022	12	18		
12/19/2022	2022	12	19		
12/20/2022	2022	12	20		
12/21/2022	2022	12	21		
12/22/2022	2022	12	22		
12/23/2022	2022	12	23		
12/24/2022	2022	12	24		
12/25/2022	2022	12	25		
12/26/2022	2022	12	26		
12/27/2022	2022	12	27		
12/28/2022	2022	12	28		
12/29/2022	2022	12	29		
12/30/2022	2022	12	30		
12/31/2022	2022	12	31		
